	g-C3N4-TiO2/water	PhCN-TiO2/Ethanol	PhCN-TiO2/water			
800	0.07333	0.0733319	0.073329			
799.5	0.072203	0.074369	0.071676			
799	0.073591	0.074493	0.070925			
798.5	0.073434	0.074843	0.073543			
798	0.071043	0.0723716	0.07106			
797.5	0.072213	0.074423	0.070847			
797	0.071818	0.07524	0.072291			
796.5	0.075668	0.074838	0.073365			
796	0.072381	0.075551	0.073152			
795.5	0.07553	0.076064	0.073079			
795	0.074053	0.0733166	0.073108			
794.5	0.070018	0.074402	0.071104			
794	0.074725	0.077097	0.076518			
793.5	0.072489	0.075541	0.073929			
793	0.072842	0.07578	0.073727			
792.5	0.072733	0.075954	0.073572			
792	0.073101	0.07542	0.074599			
791.5	0.0741	0.076686	0.074387			
791	0.074525	0.076046	0.071424			
790.5	0.072789	0.076262	0.073153			
790	0.073021	0.076438	0.075366			
789.5	0.074283	0.074991	0.073557			
789	0.074835	0.078691	0.075088			
788.5	0.070957	0.074595	0.072873			
788	0.070279	0.0731783	0.072107			
787.5	0.073575	0.077331	0.075172			
787	0.073065	0.075834	0.074524			
786.5	0.073009	0.075498	0.072114			
786	0.07298	0.076327	0.074174			
785.5	0.072276	0.076642	0.074384			
785	0.074556	0.077612	0.072974			
784.5	0.069359	0.075738	0.073412			
784	0.073105	0.078038	0.075438			
783.5	0.07092	0.07551	0.073724			
783	0.074433	0.079151	0.077123			
782.5	0.073157	0.07667	0.076107			
782	0.074272	0.077631	0.074017			
781.5	0.072918	0.077546	0.075886			
781	0.073382	0.07762	0.073676			
780.5	0.07381	0.079502	0.074684			
780	0.072246	0.077237	0.073066			
779.5	0.071802	0.07655	0.074705			
779	0.073277	0.078084	0.073147			
778.5	0.074529	0.078644	0.07433			
778	0.072035	0.077189	0.07418			
777.5	0.072341	0.075985	0.072503			
777	0.071485	0.077625	0.072832			
776.5	0.07305	0.07873	0.07382			
776	0.072665	0.080771	0.076146			
775.5	0.073967	0.07709	0.074801			
775	0.07441	0.078441	0.077928			
774.5	0.073322	0.077464	0.075636			
774	0.073734	0.0798	0.075461			
773.5	0.071284	0.078282	0.075385			
773	0.072361	0.078605	0.072291			
772.5	0.072473	0.077747	0.073621			
772	0.071653	0.077878	0.073806			
771.5	0.073027	0.078644	0.075348			
771	0.072442	0.07967	0.076286			
770.5	0.071394	0.079358	0.074549			
770	0.072674	0.079775	0.076858			
769.5	0.073282	0.079584	0.07578			
769	0.071152	0.08016	0.075753			
768.5	0.072339	0.079761	0.074156			
768	0.072251	0.078989	0.075941			
767.5	0.072077	0.078447	0.07449			
767	0.073015	0.08043	0.076826			
766.5	0.072397	0.081143	0.075517			
766	0.072131	0.080298	0.077262			
765.5	0.072534	0.08082	0.074935			
765	0.070876	0.077866	0.073268			
764.5	0.073607	0.081224	0.077422			
764	0.071614	0.08104	0.075187			
763.5	0.070541	0.079648	0.075993			
763	0.071331	0.07991	0.075653			
762.5	0.071877	0.081788	0.074357			
762	0.071868	0.079453	0.075207			
761.5	0.072625	0.081362	0.07653			
761	0.073949	0.082647	0.078086			
760.5	0.072382	0.080771	0.076072			
760	0.070838	0.08088	0.074196			
759.5	0.073335	0.081244	0.077632			
759	0.072271	0.082338	0.075536			
758.5	0.070912	0.079226	0.07616			
758	0.075361	0.084489	0.077716			
757.5	0.074874	0.082148	0.076783			
757	0.071721	0.083363	0.077749			
756.5	0.071014	0.081815	0.075165			
756	0.074272	0.08465	0.078334			
755.5	0.072916	0.083849	0.077237			
755	0.07241	0.081858	0.07708			
754.5	0.071792	0.08323	0.07609			
754	0.072552	0.081697	0.078404			
753.5	0.071911	0.083949	0.076786			
753	0.069601	0.081431	0.07618			
752.5	0.073454	0.084532	0.077377			
752	0.071802	0.082784	0.078016			
751.5	0.073246	0.083466	0.077221			
751	0.072869	0.082989	0.076453			
750.5	0.072966	0.083666	0.07879			
750	0.072527	0.083829	0.078281			
749.5	0.072442	0.085166	0.080496			
749	0.074252	0.084082	0.076706			
748.5	0.071297	0.08261	0.07783			
748	0.073633	0.086433	0.078451			
747.5	0.071352	0.083425	0.078751			
747	0.070902	0.083659	0.078211			
746.5	0.071744	0.085323	0.075891			
746	0.073231	0.084658	0.079313			
745.5	0.070801	0.085061	0.078707			
745	0.071797	0.085043	0.079083			
744.5	0.073791	0.086148	0.0792			
744	0.071412	0.08486	0.078367			
743.5	0.073229	0.084789	0.076725			
743	0.073124	0.084382	0.079888			
742.5	0.074245	0.086249	0.079368			
742	0.071914	0.084209	0.077494			
741.5	0.072651	0.085702	0.078564			
741	0.073797	0.084913	0.078382			
740.5	0.07366	0.087222	0.078683			
740	0.070558	0.08503	0.079613			
739.5	0.071156	0.085066	0.077104			
739	0.071293	0.085322	0.078239			
738.5	0.070659	0.085379	0.078884			
738	0.070782	0.085659	0.077874			
737.5	0.073528	0.08735	0.078307			
737	0.071873	0.086301	0.079441			
736.5	0.070975	0.084478	0.078519			
736	0.071351	0.085085	0.078337			
735.5	0.07271	0.086648	0.079595			
735	0.071464	0.086302	0.079081			
734.5	0.07105	0.085986	0.080076			
734	0.071104	0.086803	0.079168			
733.5	0.073806	0.088227	0.07944			
733	0.071914	0.086996	0.080636			
732.5	0.071333	0.086079	0.080171			
732	0.070605	0.08786	0.079139			
731.5	0.071505	0.086737	0.077981			
731	0.072605	0.086605	0.077594			
730.5	0.072096	0.088007	0.079378			
730	0.071102	0.087561	0.078813			
729.5	0.07057	0.086996	0.079458			
729	0.072129	0.088515	0.079739			
728.5	0.070347	0.087336	0.078077			
728	0.072518	0.08973	0.080562			
727.5	0.072003	0.087918	0.079735			
727	0.072789	0.088132	0.079382			
726.5	0.070748	0.088695	0.080257			
726	0.070634	0.087664	0.080751			
725.5	0.071671	0.088491	0.079002			
725	0.070171	0.088621	0.077158			
724.5	0.070989	0.090549	0.082702			
724	0.070873	0.088799	0.080762			
723.5	0.071137	0.088988	0.080774			
723	0.072608	0.090481	0.081959			
722.5	0.070577	0.08748	0.078722			
722	0.072025	0.090663	0.080862			
721.5	0.072181	0.088976	0.080335			
721	0.072347	0.089915	0.080711			
720.5	0.071836	0.089657	0.080741			
720	0.073246	0.092063	0.080938			
719.5	0.072633	0.091001	0.081229			
719	0.072689	0.091412	0.082054			
718.5	0.070389	0.08951	0.079152			
718	0.073223	0.092221	0.082278			
717.5	0.071271	0.090993	0.080471			
717	0.071501	0.092314	0.082481			
716.5	0.071259	0.090607	0.080462			
716	0.071704	0.090987	0.079873			
715.5	0.072452	0.09199	0.082352			
715	0.072124	0.091152	0.081104			
714.5	0.07265	0.092381	0.082419			
714	0.071855	0.091575	0.081109			
713.5	0.070524	0.090127	0.079955			
713	0.071147	0.09102	0.079189			
712.5	0.07204	0.091983	0.081792			
712	0.072713	0.092688	0.083213			
711.5	0.071357	0.091187	0.080385			
711	0.070643	0.092192	0.080729			
710.5	0.071811	0.093327	0.08398			
710	0.070306	0.091976	0.080977			
709.5	0.071656	0.092146	0.08162			
709	0.071694	0.093521	0.082309			
708.5	0.071855	0.090882	0.081341			
708	0.071697	0.092029	0.082179			
707.5	0.071348	0.092928	0.082559			
707	0.073259	0.092053	0.082173			
706.5	0.070662	0.093091	0.081022			
706	0.071471	0.094027	0.082354			
705.5	0.07155	0.093748	0.082872			
705	0.071511	0.093068	0.080605			
704.5	0.071938	0.093634	0.082238			
704	0.072913	0.093778	0.082692			
703.5	0.071604	0.094791	0.08336			
703	0.07307	0.094883	0.0834			
702.5	0.071204	0.093853	0.083119			
702	0.072812	0.09554	0.083119			
701.5	0.072407	0.094622	0.08216			
701	0.07235	0.095038	0.082627			
700.5	0.071881	0.095457	0.082753			
700	0.072753	0.095777	0.083174			
699.5	0.071502	0.095949	0.083184			
699	0.072058	0.096381	0.083157			
698.5	0.072527	0.0947	0.082883			
698	0.072861	0.096721	0.083877			
697.5	0.072529	0.09601	0.083131			
697	0.071552	0.095653	0.083801			
696.5	0.071238	0.095333	0.083183			
696	0.073321	0.096521	0.085459			
695.5	0.072053	0.096395	0.083583			
695	0.072124	0.095929	0.082467			
694.5	0.071971	0.096914	0.08423			
694	0.071028	0.096411	0.083262			
693.5	0.07194	0.098253	0.084176			
693	0.071374	0.097344	0.08337			
692.5	0.070467	0.095474	0.083441			
692	0.070949	0.09694	0.084413			
691.5	0.071239	0.096585	0.083744			
691	0.071649	0.096706	0.084151			
690.5	0.073482	0.099171	0.08553			
690	0.07214	0.098492	0.084914			
689.5	0.071815	0.09725	0.084755			
689	0.07176	0.098997	0.085372			
688.5	0.072682	0.098475	0.084306			
688	0.070619	0.098394	0.084131			
687.5	0.07162	0.099327	0.085252			
687	0.071422	0.098394	0.084768			
686.5	0.072119	0.099183	0.085753			
686	0.071619	0.098706	0.0847			
685.5	0.072936	0.098566	0.085204			
685	0.070859	0.098019	0.084937			
684.5	0.07154	0.100075	0.08557			
684	0.071304	0.099149	0.083778			
683.5	0.071447	0.098025	0.084274			
683	0.070545	0.099158	0.086225			
682.5	0.07139	0.099146	0.085498			
682	0.069961	0.098028	0.084322			
681.5	0.070884	0.09912	0.085331			
681	0.06921	0.099757	0.08365			
680.5	0.070958	0.100416	0.086991			
680	0.070217	0.100029	0.085306			
679.5	0.07202	0.100581	0.086107			
679	0.071116	0.099788	0.08595			
678.5	0.070486	0.101201	0.085602			
678	0.069799	0.100838	0.086797			
677.5	0.070296	0.10056	0.084794			
677	0.069763	0.09985	0.084874			
676.5	0.07069	0.100833	0.086737			
676	0.071896	0.100692	0.085624			
675.5	0.072779	0.101481	0.086358			
675	0.070577	0.102257	0.085847			
674.5	0.07083	0.101906	0.086376			
674	0.070415	0.103404	0.086295			
673.5	0.069709	0.102569	0.085846			
673	0.071724	0.102943	0.086155			
672.5	0.071169	0.10261	0.086252			
672	0.069749	0.101213	0.08734			
671.5	0.069962	0.103768	0.086396			
671	0.069396	0.103133	0.086263			
670.5	0.071163	0.103326	0.08667			
670	0.07078	0.103979	0.085415			
669.5	0.072203	0.105065	0.088001			
669	0.07094	0.103045	0.087531			
668.5	0.070687	0.104024	0.088154			
668	0.071192	0.103653	0.088233			
667.5	0.069976	0.103269	0.087155			
667	0.0705	0.104282	0.087777			
666.5	0.07095	0.105266	0.087023			
666	0.072161	0.105318	0.088308			
665.5	0.070901	0.104719	0.087607			
665	0.070668	0.104975	0.087792			
664.5	0.069812	0.103881	0.087622			
664	0.06965	0.103515	0.08662			
663.5	0.071799	0.106183	0.088556			
663	0.069845	0.10547	0.087113			
662.5	0.07133	0.106762	0.089486			
662	0.070375	0.106429	0.089177			
661.5	0.070763	0.106356	0.088147			
661	0.069624	0.105808	0.088245			
660.5	0.070511	0.106511	0.08902			
660	0.070644	0.106433	0.088946			
659.5	0.070316	0.105416	0.088764			
659	0.071395	0.107118	0.089201			
658.5	0.070102	0.105982	0.089362			
658	0.07034	0.107423	0.089474			
657.5	0.069402	0.106486	0.088728			
657	0.070337	0.1071	0.088749			
656.5	0.069431	0.107454	0.089419			
656	0.071303	0.1072	0.089184			
655.5	0.07086	0.107751	0.088955			
655	0.070031	0.107063	0.08871			
654.5	0.069679	0.108316	0.08956			
654	0.07012	0.109799	0.089339			
653.5	0.070706	0.107971	0.08944			
653	0.070718	0.108929	0.089516			
652.5	0.068622	0.108155	0.089108			
652	0.070587	0.108544	0.090749			
651.5	0.070181	0.108611	0.090009			
651	0.069586	0.108909	0.090225			
650.5	0.070517	0.109693	0.090093			
650	0.071002	0.108837	0.090282			
649.5	0.06921	0.108752	0.089842			
649	0.069777	0.109588	0.090384			
648.5	0.068801	0.109775	0.090678			
648	0.069951	0.109976	0.090981			
647.5	0.06982	0.109197	0.090797			
647	0.069244	0.111062	0.091288			
646.5	0.069729	0.109999	0.090834			
646	0.069563	0.110864	0.090782			
645.5	0.069655	0.110446	0.090996			
645	0.069532	0.110777	0.091068			
644.5	0.069283	0.111388	0.091093			
644	0.069138	0.110439	0.090424			
643.5	0.070162	0.112179	0.092239			
643	0.070268	0.112127	0.091897			
642.5	0.069733	0.112684	0.092084			
642	0.068873	0.111829	0.091264			
641.5	0.069168	0.113161	0.090595			
641	0.070369	0.113417	0.09267			
640.5	0.069764	0.113443	0.092247			
640	0.069594	0.113511	0.090808			
639.5	0.068104	0.11315	0.090117			
639	0.069828	0.113577	0.090709			
638.5	0.069467	0.113585	0.092101			
638	0.068351	0.113684	0.092386			
637.5	0.068292	0.1124	0.090132			
637	0.069309	0.113911	0.09182			
636.5	0.069915	0.114728	0.094136			
636	0.068992	0.113749	0.092117			
635.5	0.069685	0.114785	0.092266			
635	0.070115	0.115479	0.092195			
634.5	0.068872	0.115733	0.092109			
634	0.068098	0.115558	0.093692			
633.5	0.069332	0.115296	0.093411			
633	0.068457	0.115425	0.093378			
632.5	0.070488	0.115889	0.094284			
632	0.068425	0.11562	0.092703			
631.5	0.068568	0.116419	0.093421			
631	0.069133	0.117841	0.093937			
630.5	0.067048	0.115977	0.092519			
630	0.068622	0.11606	0.093902			
629.5	0.068379	0.117618	0.09451			
629	0.068863	0.118245	0.093807			
628.5	0.068591	0.11676	0.093398			
628	0.068821	0.118275	0.095601			
627.5	0.068602	0.117552	0.093016			
627	0.066718	0.117378	0.094484			
626.5	0.067876	0.117818	0.09523			
626	0.068622	0.118025	0.094369			
625.5	0.06864	0.118785	0.095821			
625	0.068757	0.119562	0.094752			
624.5	0.067199	0.118297	0.094245			
624	0.067866	0.118385	0.093871			
623.5	0.068482	0.117576	0.094574			
623	0.070004	0.120958	0.095932			
622.5	0.069047	0.120516	0.095836			
622	0.06872	0.119489	0.096434			
621.5	0.067501	0.119068	0.094782			
621	0.068351	0.121965	0.095858			
620.5	0.067916	0.121324	0.096437			
620	0.068463	0.121345	0.095382			
619.5	0.067813	0.12088	0.096243			
619	0.068747	0.121792	0.096313			
618.5	0.067759	0.121509	0.095446			
618	0.068621	0.120874	0.096141			
617.5	0.067884	0.121659	0.09573			
617	0.067717	0.121649	0.096399			
616.5	0.067958	0.122494	0.094992			
616	0.06796	0.122796	0.097942			
615.5	0.068282	0.123538	0.097852			
615	0.068683	0.123227	0.097387			
614.5	0.067544	0.123232	0.096686			
614	0.067886	0.123362	0.097158			
613.5	0.068739	0.124616	0.097514			
613	0.068736	0.124927	0.097932			
612.5	0.067512	0.124806	0.096782			
612	0.066821	0.125049	0.098049			
611.5	0.068251	0.125053	0.098151			
611	0.068426	0.125833	0.098629			
610.5	0.067263	0.125626	0.097119			
610	0.067266	0.126062	0.098679			
609.5	0.066721	0.12589	0.097035			
609	0.068184	0.126009	0.099891			
608.5	0.067588	0.126298	0.098247			
608	0.067732	0.126225	0.098491			
607.5	0.067727	0.127507	0.098846			
607	0.066954	0.127048	0.099396			
606.5	0.067369	0.127051	0.099509			
606	0.067276	0.128016	0.100041			
605.5	0.067769	0.12797	0.099953			
605	0.067506	0.127335	0.099232			
604.5	0.065023	0.126951	0.099459			
604	0.066947	0.127731	0.099094			
603.5	0.067529	0.128283	0.100107			
603	0.067493	0.12956	0.09981			
602.5	0.067224	0.129597	0.100515			
602	0.067638	0.129651	0.101897			
601.5	0.067293	0.129518	0.100603			
601	0.068087	0.130646	0.100803			
600.5	0.06766	0.131235	0.101438			
600	0.067599	0.130602	0.100378			
599.5	0.066763	0.130643	0.100172			
599	0.066575	0.129958	0.100402			
598.5	0.065475	0.130127	0.101297			
598	0.066226	0.131389	0.101024			
597.5	0.066718	0.131387	0.10099			
597	0.067508	0.132192	0.103185			
596.5	0.06731	0.132084	0.10218			
596	0.066175	0.132412	0.102115			
595.5	0.06697	0.132882	0.101276			
595	0.067121	0.132623	0.101507			
594.5	0.067014	0.134071	0.102349			
594	0.067194	0.133089	0.1022			
593.5	0.067564	0.134167	0.102442			
593	0.066382	0.134816	0.103168			
592.5	0.065697	0.132999	0.101571			
592	0.06656	0.135117	0.103959			
591.5	0.065518	0.13492	0.100954			
591	0.067053	0.135204	0.103646			
590.5	0.065854	0.13504	0.103047			
590	0.065836	0.13472	0.102095			
589.5	0.066583	0.136039	0.103395			
589	0.066183	0.136728	0.104517			
588.5	0.067036	0.136481	0.104134			
588	0.065626	0.136382	0.104107			
587.5	0.066141	0.136319	0.105226			
587	0.06734	0.13883	0.105988			
586.5	0.066555	0.138269	0.104738			
586	0.066732	0.138177	0.1046			
585.5	0.067453	0.138915	0.105785			
585	0.065535	0.137357	0.10464			
584.5	0.066892	0.1387	0.106275			
584	0.066141	0.139093	0.105997			
583.5	0.066432	0.14034	0.105743			
583	0.066612	0.139711	0.105785			
582.5	0.066578	0.14057	0.105711			
582	0.066419	0.140542	0.107295			
581.5	0.066909	0.141246	0.107532			
581	0.065596	0.140901	0.106952			
580.5	0.06609	0.140871	0.10674			
580	0.066466	0.142092	0.10783			
579.5	0.066292	0.141434	0.107325			
579	0.065024	0.143131	0.107404			
578.5	0.066575	0.142398	0.108273			
578	0.065753	0.142402	0.106766			
577.5	0.065831	0.14255	0.107565			
577	0.06604	0.14336	0.107735			
576.5	0.0666	0.143913	0.108927			
576	0.065965	0.144558	0.108133			
575.5	0.067082	0.145136	0.109161			
575	0.06523	0.144154	0.107612			
574.5	0.067141	0.145757	0.109623			
574	0.06514	0.145098	0.109022			
573.5	0.066737	0.145083	0.109373			
573	0.065793	0.146892	0.10981			
572.5	0.065977	0.145242	0.109377			
572	0.066623	0.146239	0.109823			
571.5	0.065835	0.146097	0.108862			
571	0.066381	0.147737	0.110452			
570.5	0.065236	0.147559	0.110005			
570	0.066888	0.148829	0.110913			
569.5	0.065447	0.148902	0.110911			
569	0.065392	0.148006	0.111813			
568.5	0.065295	0.149541	0.110404			
568	0.066237	0.149262	0.111388			
567.5	0.065979	0.150381	0.111733			
567	0.066092	0.150401	0.110866			
566.5	0.065939	0.150092	0.111417			
566	0.066595	0.150125	0.111913			
565.5	0.066136	0.150937	0.111697			
565	0.065276	0.151695	0.112357			
564.5	0.066509	0.151017	0.113283			
564	0.067063	0.152936	0.113486			
563.5	0.065993	0.152826	0.113525			
563	0.065235	0.154518	0.114594			
562.5	0.065997	0.153002	0.113586			
562	0.065629	0.153616	0.113902			
561.5	0.064955	0.153843	0.114099			
561	0.065599	0.155009	0.114599			
560.5	0.066998	0.155432	0.114897			
560	0.066026	0.154783	0.114337			
559.5	0.065685	0.157931	0.11524			
559	0.065398	0.15558	0.115852			
558.5	0.065272	0.155854	0.114255			
558	0.065643	0.156526	0.114899			
557.5	0.064906	0.157039	0.115307			
557	0.065751	0.158779	0.116054			
556.5	0.066298	0.159291	0.116919			
556	0.065803	0.158287	0.115854			
555.5	0.065825	0.159984	0.11686			
555	0.065705	0.159507	0.116057			
554.5	0.066618	0.160844	0.118192			
554	0.065547	0.160072	0.117448			
553.5	0.065631	0.160533	0.118057			
553	0.066568	0.16166	0.118161			
552.5	0.066142	0.161945	0.117615			
552	0.065306	0.162119	0.117699			
551.5	0.065463	0.161073	0.11852			
551	0.06507	0.162504	0.117918			
550.5	0.065765	0.162736	0.118079			
550	0.065747	0.164675	0.119373			
549.5	0.065928	0.164077	0.11998			
549	0.065452	0.16433	0.119802			
548.5	0.065047	0.165295	0.118905			
548	0.0646	0.164895	0.119042			
547.5	0.066211	0.166785	0.12088			
547	0.066419	0.166646	0.120866			
546.5	0.066493	0.167829	0.121672			
546	0.065955	0.167127	0.120189			
545.5	0.065278	0.167159	0.122049			
545	0.066285	0.167346	0.122033			
544.5	0.06569	0.169001	0.121301			
544	0.065795	0.168818	0.12269			
543.5	0.06598	0.170117	0.122981			
543	0.065406	0.170329	0.12296			
542.5	0.065862	0.170964	0.122143			
542	0.065243	0.171638	0.1234			
541.5	0.066315	0.172368	0.124722			
541	0.065293	0.171424	0.123072			
540.5	0.066599	0.173202	0.124232			
540	0.065302	0.173682	0.124501			
539.5	0.066187	0.174209	0.124159			
539	0.065752	0.17471	0.1243			
538.5	0.066083	0.174883	0.125504			
538	0.065995	0.176065	0.125751			
537.5	0.065531	0.175434	0.126002			
537	0.066758	0.176698	0.126756			
536.5	0.06616	0.177048	0.125963			
536	0.06522	0.177544	0.125963			
535.5	0.065077	0.177624	0.126653			
535	0.064972	0.179141	0.127375			
534.5	0.065162	0.178554	0.126291			
534	0.067237	0.180328	0.128024			
533.5	0.066552	0.180538	0.128215			
533	0.065482	0.180971	0.129335			
532.5	0.065736	0.18018	0.128005			
532	0.067402	0.181989	0.128258			
531.5	0.06559	0.182351	0.128936			
531	0.066839	0.182324	0.129149			
530.5	0.065326	0.182926	0.12881			
530	0.065437	0.184216	0.129059			
529.5	0.065437	0.184949	0.130055			
529	0.066217	0.185008	0.130603			
528.5	0.065185	0.184523	0.131066			
528	0.066885	0.185826	0.13097			
527.5	0.066676	0.186998	0.131525			
527	0.066291	0.186532	0.130908			
526.5	0.067189	0.187454	0.131693			
526	0.066561	0.188456	0.131774			
525.5	0.067458	0.18929	0.133989			
525	0.067411	0.189754	0.133985			
524.5	0.067192	0.190032	0.133881			
524	0.066815	0.191918	0.133337			
523.5	0.065539	0.190234	0.13279			
523	0.065913	0.190866	0.132909			
522.5	0.067208	0.192449	0.133815			
522	0.0659	0.192394	0.133995			
521.5	0.067848	0.193118	0.136237			
521	0.066658	0.194859	0.135754			
520.5	0.065323	0.194558	0.135519			
520	0.066283	0.195224	0.134854			
519.5	0.06678	0.196067	0.135232			
519	0.067351	0.197543	0.136327			
518.5	0.066658	0.19766	0.136585			
518	0.067235	0.197935	0.137363			
517.5	0.067219	0.200072	0.137678			
517	0.066766	0.199797	0.136763			
516.5	0.067455	0.199381	0.137986			
516	0.068908	0.201328	0.138637			
515.5	0.065736	0.200966	0.137788			
515	0.067963	0.201651	0.139481			
514.5	0.06869	0.204037	0.140944			
514	0.067685	0.204106	0.139586			
513.5	0.067486	0.202441	0.140475			
513	0.067147	0.204082	0.140232			
512.5	0.069802	0.206898	0.140331			
512	0.068269	0.20749	0.141555			
511.5	0.067873	0.206477	0.141388			
511	0.067938	0.20712	0.141704			
510.5	0.069285	0.20869	0.143343			
510	0.068784	0.208897	0.144286			
509.5	0.067806	0.209735	0.143217			
509	0.069654	0.212326	0.143854			
508.5	0.068264	0.211719	0.144135			
508	0.068588	0.212159	0.144709			
507.5	0.069571	0.212939	0.144894			
507	0.068269	0.213135	0.145544			
506.5	0.069034	0.214202	0.145704			
506	0.069861	0.215428	0.145568			
505.5	0.069287	0.215351	0.147297			
505	0.068963	0.217567	0.146584			
504.5	0.067818	0.2166	0.146374			
504	0.069365	0.217596	0.146875			
503.5	0.069714	0.218834	0.147493			
503	0.069699	0.220397	0.149014			
502.5	0.069695	0.220433	0.148117			
502	0.070244	0.221911	0.148754			
501.5	0.070429	0.22288	0.149369			
501	0.071791	0.223559	0.150584			
500.5	0.070884	0.223112	0.150819			
500	0.069821	0.224643	0.14964			
499.5	0.070125	0.22585	0.151145			
499	0.070354	0.226465	0.15189			
498.5	0.070109	0.226118	0.151241			
498	0.071676	0.227856	0.152157			
497.5	0.071942	0.229295	0.15338			
497	0.072519	0.229433	0.153871			
496.5	0.071217	0.229949	0.153321			
496	0.071903	0.231611	0.154437			
495.5	0.071588	0.231328	0.154467			
495	0.071753	0.23244	0.154423			
494.5	0.071285	0.233314	0.1556			
494	0.073574	0.234704	0.15605			
493.5	0.071717	0.234241	0.156346			
493	0.073214	0.235481	0.157657			
492.5	0.072824	0.236993	0.157113			
492	0.072687	0.236864	0.157509			
491.5	0.072997	0.23634	0.158207			
491	0.071873	0.238752	0.15779			
490.5	0.073013	0.238475	0.158417			
490	0.07409	0.239937	0.159252			
489.5	0.073933	0.241666	0.160335			
489	0.073804	0.242172	0.16102			
488.5	0.073671	0.243359	0.160046			
488	0.074007	0.245502	0.162239			
487.5	0.074114	0.245393	0.161708			
487	0.075499	0.246727	0.162692			
486.5	0.074618	0.2472	0.163043			
486	0.074677	0.247632	0.163654			
485.5	0.074408	0.249689	0.16441			
485	0.076	0.24934	0.165348			
484.5	0.075759	0.249891	0.165532			
484	0.075876	0.252165	0.166804			
483.5	0.076125	0.252278	0.16646			
483	0.076136	0.252907	0.166456			
482.5	0.076057	0.254417	0.167728			
482	0.07708	0.25524	0.168141			
481.5	0.076199	0.255414	0.168968			
481	0.076055	0.25666	0.168727			
480.5	0.076486	0.25657	0.168083			
480	0.077277	0.258852	0.170587			
479.5	0.077008	0.259681	0.169892			
479	0.076886	0.259673	0.171444			
478.5	0.077669	0.261886	0.171428			
478	0.077613	0.262441	0.170917			
477.5	0.077871	0.262771	0.172942			
477	0.078284	0.26423	0.173065			
476.5	0.079197	0.264917	0.174004			
476	0.079094	0.266697	0.174789			
475.5	0.079743	0.267904	0.175907			
475	0.080885	0.269899	0.176987			
474.5	0.080221	0.270173	0.176386			
474	0.080651	0.27127	0.178171			
473.5	0.08026	0.271687	0.17735			
473	0.080617	0.272629	0.178653			
472.5	0.081449	0.272887	0.178439			
472	0.081333	0.274786	0.179306			
471.5	0.080809	0.275611	0.180698			
471	0.080979	0.276107	0.180701			
470.5	0.083412	0.278935	0.182539			
470	0.084224	0.280568	0.184282			
469.5	0.083688	0.281848	0.183852			
469	0.081964	0.28139	0.183321			
468.5	0.083896	0.282153	0.185921			
468	0.083398	0.283326	0.186086			
467.5	0.083633	0.285252	0.186761			
467	0.085955	0.286155	0.187686			
466.5	0.085636	0.287368	0.188149			
466	0.086062	0.28924	0.188366			
465.5	0.084744	0.289059	0.189601			
465	0.08564	0.291208	0.190038			
464.5	0.086242	0.291402	0.189768			
464	0.086783	0.292588	0.191409			
463.5	0.086546	0.293732	0.193014			
463	0.087986	0.296751	0.195052			
462.5	0.088173	0.296334	0.193928			
462	0.088709	0.298137	0.193378			
461.5	0.088876	0.298804	0.196227			
461	0.08913	0.299654	0.196927			
460.5	0.089806	0.300645	0.19618			
460	0.090509	0.303332	0.19804			
459.5	0.090677	0.304559	0.19983			
459	0.091578	0.304487	0.200768			
458.5	0.092327	0.305911	0.201183			
458	0.093122	0.30861	0.201509			
457.5	0.094344	0.311212	0.203703			
457	0.093434	0.310093	0.204147			
456.5	0.094012	0.312144	0.204059			
456	0.09406	0.312784	0.205216			
455.5	0.096276	0.313732	0.205494			
455	0.096242	0.314926	0.207146			
454.5	0.097017	0.316023	0.208143			
454	0.098986	0.318862	0.2104			
453.5	0.098418	0.31995	0.208874			
453	0.098622	0.32088	0.210082			
452.5	0.09986	0.321382	0.212567			
452	0.099488	0.323538	0.212648			
451.5	0.100162	0.324458	0.212494			
451	0.100964	0.325395	0.214924			
450.5	0.102675	0.326782	0.214716			
450	0.104	0.328651	0.214745			
449.5	0.104862	0.330479	0.217005			
449	0.104757	0.329931	0.216306			
448.5	0.104996	0.33199	0.216087			
448	0.106605	0.33295	0.217362			
447.5	0.10778	0.334409	0.219574			
447	0.108543	0.335007	0.219627			
446.5	0.109141	0.337921	0.219945			
446	0.111264	0.340773	0.223121			
445.5	0.111087	0.339442	0.221931			
445	0.110712	0.340157	0.223279			
444.5	0.11287	0.341697	0.223487			
444	0.115511	0.343741	0.225086			
443.5	0.11692	0.344932	0.225746			
443	0.116688	0.347568	0.227091			
442.5	0.118487	0.347458	0.22682			
442	0.120561	0.350786	0.227968			
441.5	0.123546	0.350153	0.229094			
441	0.123792	0.353011	0.231228			
440.5	0.124762	0.353576	0.230501			
440	0.126385	0.354114	0.231434			
439.5	0.127026	0.354582	0.232196			
439	0.1304	0.358197	0.2356			
438.5	0.13089	0.35734	0.233641			
438	0.133573	0.360739	0.234543			
437.5	0.134922	0.36201	0.235734			
437	0.138921	0.364681	0.238425			
436.5	0.140447	0.365583	0.238043			
436	0.142512	0.366691	0.238404			
435.5	0.143495	0.369532	0.239726			
435	0.147277	0.370327	0.240513			
434.5	0.148767	0.372393	0.241134			
434	0.151887	0.373828	0.242005			
433.5	0.153819	0.374869	0.243615			
433	0.156484	0.37765	0.2423			
432.5	0.157886	0.378514	0.245471			
432	0.161959	0.381889	0.247007			
431.5	0.162598	0.38216	0.245624			
431	0.166029	0.385779	0.24944			
430.5	0.168892	0.386047	0.248073			
430	0.171532	0.387643	0.250173			
429.5	0.174411	0.389518	0.250069			
429	0.177153	0.392786	0.251569			
428.5	0.181695	0.396247	0.254594			
428	0.184757	0.398606	0.254173			
427.5	0.185662	0.399842	0.254775			
427	0.186783	0.403473	0.255643			
426.5	0.190437	0.403997	0.256234			
426	0.193152	0.408036	0.257139			
425.5	0.193064	0.410377	0.258891			
425	0.198005	0.41216	0.259408			
424.5	0.200363	0.416106	0.261199			
424	0.20249	0.419245	0.262514			
423.5	0.203638	0.420152	0.263283			
423	0.206222	0.425628	0.26511			
422.5	0.210337	0.428166	0.267478			
422	0.214101	0.433601	0.268987			
421.5	0.21522	0.433815	0.270263			
421	0.218921	0.439649	0.273614			
420.5	0.216999	0.441057	0.272264			
420	0.221862	0.446484	0.274768			
419.5	0.222926	0.44858	0.274265			
419	0.225547	0.452325	0.276387			
418.5	0.228735	0.457452	0.278844			
418	0.229632	0.461322	0.280986			
417.5	0.233704	0.464248	0.282462			
417	0.233584	0.467473	0.28235			
416.5	0.235513	0.471315	0.286124			
416	0.239649	0.473031	0.286231			
415.5	0.239064	0.476463	0.285701			
415	0.240275	0.48027	0.287344			
414.5	0.242815	0.485682	0.293112			
414	0.246021	0.485708	0.292863			
413.5	0.246903	0.488254	0.293143			
413	0.249077	0.492499	0.296819			
412.5	0.2506	0.49388	0.296077			
412	0.251898	0.495408	0.296524			
411.5	0.254478	0.498672	0.299791			
411	0.255634	0.502376	0.299919			
410.5	0.258675	0.500484	0.302317			
410	0.260704	0.50294	0.303572			
409.5	0.261977	0.507051	0.305842			
409	0.265801	0.504977	0.303414			
408.5	0.264862	0.506691	0.30494			
408	0.269154	0.510977	0.307998			
407.5	0.270491	0.511267	0.309091			
407	0.274623	0.512164	0.310468			
406.5	0.272263	0.510356	0.309739			
406	0.27628	0.513983	0.313458			
405.5	0.2791	0.512264	0.315567			
405	0.282715	0.514865	0.317756			
404.5	0.284388	0.512579	0.31845			
404	0.287876	0.513826	0.320417			
403.5	0.288537	0.513909	0.318581			
403	0.291626	0.515103	0.321354			
402.5	0.293628	0.511711	0.324764			
402	0.296183	0.512628	0.325004			
401.5	0.299645	0.51237	0.328091			
401	0.304409	0.515246	0.330937			
400.5	0.307083	0.514282	0.333883			
400	0.308179	0.515372	0.338635			
399.5	0.308274	0.511285	0.335525			
399	0.315507	0.515419	0.345619			
398.5	0.315502	0.513661	0.347571			
398	0.321696	0.515067	0.353598			
397.5	0.326279	0.516808	0.355842			
397	0.330614	0.516451	0.360976			
396.5	0.333706	0.522312	0.367448			
396	0.337676	0.519524	0.372383			
395.5	0.342133	0.522514	0.378191			
395	0.346704	0.522694	0.384707			
394.5	0.350714	0.52387	0.39019			
394	0.354215	0.523756	0.395557			
393.5	0.359087	0.524825	0.403553			
393	0.366068	0.526837	0.411773			
392.5	0.369104	0.525689	0.418386			
392	0.375494	0.532493	0.426431			
391.5	0.379249	0.535366	0.433974			
391	0.3882	0.535298	0.447992			
390.5	0.391018	0.538513	0.450149			
390	0.39666	0.538007	0.46118			
389.5	0.399776	0.539404	0.468709			
389	0.407222	0.540226	0.477922			
388.5	0.412521	0.540906	0.486034			
388	0.419948	0.545068	0.495441			
387.5	0.428258	0.548455	0.505963			
387	0.431492	0.545333	0.516027			
386.5	0.438806	0.551194	0.524688			
386	0.445057	0.548749	0.536085			
385.5	0.449837	0.550906	0.54131			
385	0.461383	0.554348	0.557518			
384.5	0.464724	0.553853	0.562244			
384	0.471329	0.557566	0.572123			
383.5	0.480586	0.559046	0.581452			
383	0.48485	0.557656	0.590378			
382.5	0.492496	0.564402	0.596675			
382	0.498738	0.564487	0.605629			
381.5	0.504295	0.566316	0.613617			
381	0.510374	0.569128	0.624118			
380.5	0.517734	0.569196	0.633432			
380	0.528601	0.57369	0.640685			
379.5	0.534669	0.578438	0.649748			
379	0.543019	0.574078	0.655865			
378.5	0.546737	0.5769	0.664134			
378	0.5521	0.578629	0.671139			
377.5	0.559015	0.583764	0.680909			
377	0.569238	0.581166	0.690024			
376.5	0.572514	0.587519	0.69277			
376	0.575868	0.591266	0.698569			
375.5	0.580506	0.593335	0.70544			
375	0.588064	0.59209	0.709883			
374.5	0.592386	0.599619	0.717667			
374	0.596429	0.598982	0.721066			
373.5	0.608866	0.606168	0.725559			
373	0.613554	0.608554	0.733171			
372.5	0.617931	0.61093	0.734933			
372	0.622932	0.61601	0.74708			
371.5	0.629004	0.622403	0.750425			
371	0.632307	0.623666	0.758696			
370.5	0.63845	0.627212	0.759205			
370	0.64513	0.632158	0.76331			
369.5	0.650138	0.634662	0.771857			
369	0.658767	0.641544	0.774045			
368.5	0.658191	0.643042	0.778009			
368	0.666739	0.651748	0.785215			
367.5	0.670859	0.656486	0.789587			
367	0.678545	0.656765	0.795015			
366.5	0.687686	0.662279	0.800647			
366	0.683212	0.667603	0.80098			
365.5	0.691634	0.673145	0.807927			
365	0.698992	0.671734	0.811316			
364.5	0.707101	0.67799	0.814137			
364	0.703179	0.687831	0.817106			
363.5	0.712993	0.695444	0.817153			
363	0.712383	0.695385	0.818587			
362.5	0.715865	0.69893	0.826334			
362	0.724626	0.702338	0.81841			
361.5	0.726582	0.706023	0.82831			
361	0.73037	0.713923	0.834332			
360.5	0.734574	0.718469	0.829459			
360	0.741456	0.723527	0.833711			
359.5	0.74088	0.728686	0.838363			
359	0.746237	0.731663	0.835809			
358.5	0.743617	0.735329	0.842069			
358	0.751845	0.739487	0.847193			
357.5	0.759399	0.74557	0.853497			
357	0.761292	0.749505	0.849617			
356.5	0.758396	0.754725	0.849478			
356	0.764403	0.754552	0.852472			
355.5	0.774306	0.764063	0.849622			
355	0.774644	0.767021	0.854931			
354.5	0.77345	0.76675	0.862383			
354	0.777489	0.775	0.864486			
353.5	0.777499	0.78025	0.869743			
353	0.781582	0.781914	0.86123			
352.5	0.787417	0.787749	0.866339			
352	0.788719	0.793551	0.867916			
351.5	0.795598	0.792942	0.867536			
351	0.792226	0.797369	0.865336			
350.5	0.802243	0.80104	0.87051			
350	0.804875	0.80466	0.869462			
349.5	0.802435	0.807675	0.875405			
349	0.802147	0.808139	0.871967			
348.5	0.816271	0.809693	0.870089			
348	0.816583	0.821932	0.877263			
347.5	0.814941	0.823219	0.89056			
347	0.813647	0.823729	0.871887			
346.5	0.814683	0.825693	0.880549			
346	0.825873	0.832826	0.877877			
345.5	0.821419	0.829379	0.881366			
345	0.831103	0.838678	0.882896			
344.5	0.823261	0.843538	0.879282			
344	0.829881	0.836494	0.878415			
343.5	0.82078	0.845444	0.871384			
343	0.82926	0.835855	0.882349			
342.5	0.83064	0.847905	0.88035			
342	0.834741	0.85186	0.874416			
341.5	0.833649	0.860859	0.884477			
341	0.831111	0.863193	0.885954			
340.5	0.833018	0.856207	0.877276			
340	0.83833	0.868023	0.890484			
339.5	0.838714	0.857152	0.893794			
339	0.836788	0.862148	0.880998			
338.5	0.841973	0.869359	0.887672			
338	0.84026	0.862081	0.878138			
337.5	0.8446	0.868827	0.873594			
337	0.855572	0.873147	0.878913			
336.5	0.848395	0.868427	0.887819			
336	0.854045	0.890711	0.885766			
335.5	0.846779	0.87121	0.879521			
335	0.855166	0.881156	0.892769			
334.5	0.857134	0.882577	0.893168			
334	0.850446	0.88228	0.890938			
333.5	0.846846	0.890656	0.88008			
333	0.855372	0.891344	0.889346			
332.5	0.840947	0.890376	0.882387			
332	0.852744	0.893561	0.895302			
331.5	0.856991	0.895899	0.884476			
331	0.861629	0.892365	0.902283			
330.5	0.856531	0.89554	0.889999			
330	0.856005	0.893124	0.889099			
329.5	0.844312	0.902749	0.882945			
329	0.853219	0.888337	0.894471			
328.5	0.856107	0.898105	0.881087			
328	0.865919	0.898085	0.887294			
327.5	0.853628	0.895922	0.882151			
327	0.851083	0.89581	0.881759			
326.5	0.853785	0.895452	0.872886			
326	0.861878	0.894447	0.884458			
325.5	0.850053	0.895297	0.879052			
325	0.855241	0.903222	0.88422			
324.5	0.853198	0.895843	0.876409			
324	0.851796	0.903835	0.87506			
323.5	0.848706	0.902411	0.872869			
323	0.846299	0.88613	0.876524			
322.5	0.851284	0.904933	0.873642			
322	0.855507	0.902692	0.879984			
321.5	0.844382	0.895535	0.876177			
321	0.839441	0.8981	0.869057			
320.5	0.834309	0.902603	0.875982			
320	0.840703	0.89019	0.86604			
319.5	0.852217	0.906707	0.8746			
319	0.84316	0.909748	0.86775			
318.5	0.844189	0.909742	0.870629			
318	0.845166	0.897599	0.864905			
317.5	0.838894	0.900755	0.875628			
317	0.838865	0.894634	0.865235			
316.5	0.854714	0.906805	0.874883			
316	0.835083	0.90654	0.865027			
315.5	0.843114	0.906262	0.859245			
315	0.840475	0.905503	0.862363			
314.5	0.834838	0.903921	0.863644			
314	0.835239	0.899809	0.864882			
313.5	0.83373	0.902352	0.867405			
313	0.839558	0.8954	0.855764			
312.5	0.842072	0.904658	0.872026			
312	0.840374	0.90216	0.866393			
311.5	0.830595	0.894578	0.862933			
311	0.836415	0.898183	0.859934			
310.5	0.840171	0.903661	0.859989			
310	0.841406	0.914166	0.86718			
309.5	0.838528	0.913303	0.866898			
309	0.832989	0.906534	0.864066			
308.5	0.825672	0.899782	0.863038			
308	0.837871	0.91478	0.872439			
307.5	0.842613	0.903731	0.866022			
307	0.839919	0.906524	0.852254			
306.5	0.831737	0.903104	0.858184			
306	0.841016	0.91025	0.85515			
305.5	0.834773	0.908892	0.859616			
305	0.836544	0.904731	0.860487			
304.5	0.836081	0.915567	0.870673			
304	0.827213	0.898889	0.862047			
303.5	0.832219	0.904394	0.851765			
303	0.832582	0.904805	0.865026			
302.5	0.836306	0.910295	0.860645			
302	0.837251	0.899738	0.860726			
301.5	0.838415	0.902032	0.854565			
301	0.82995	0.905803	0.854895			
300.5	0.829926	0.899077	0.868361			
300	0.835983	0.90627	0.864745			
299.5	0.826683	0.896601	0.859907			
299	0.834444	0.907959	0.862249			
298.5	0.829651	0.90578	0.855632			
298	0.830934	0.899888	0.861613			
297.5	0.835501	0.90755	0.849444			
297	0.838087	0.899473	0.863987			
296.5	0.824611	0.902269	0.860576			
296	0.820847	0.909972	0.851911			
295.5	0.839975	0.904655	0.8548			
295	0.828405	0.906008	0.848308			
294.5	0.829355	0.900288	0.854991			
294	0.835572	0.899682	0.855327			
293.5	0.825125	0.902833	0.854153			
293	0.831211	0.893153	0.849349			
292.5	0.827724	0.891762	0.856972			
292	0.831844	0.900325	0.847708			
291.5	0.825435	0.901336	0.860903			
291	0.836316	0.899029	0.843914			
290.5	0.832321	0.89143	0.859684			
290	0.818435	0.897709	0.848901			
289.5	0.831298	0.898046	0.847634			
289	0.817449	0.893954	0.85823			
288.5	0.823626	0.886603	0.846708			
288	0.820587	0.893788	0.858414			
287.5	0.820732	0.894754	0.846777			
287	0.820161	0.89526	0.852255			
286.5	0.829974	0.89303	0.857264			
286	0.824676	0.896467	0.853354			
285.5	0.830336	0.890049	0.855486			
285	0.82779	0.900207	0.842204			
284.5	0.823006	0.901433	0.843249			
284	0.832098	0.896561	0.843399			
283.5	0.817395	0.890843	0.852384			
283	0.815484	0.89281	0.838541			
282.5	0.818905	0.890689	0.843388			
282	0.822693	0.885627	0.850378			
281.5	0.831334	0.892422	0.846636			
281	0.822473	0.896132	0.85239			
280.5	0.819388	0.881995	0.84211			
280	0.824366	0.889963	0.843301			
279.5	0.816071	0.886718	0.84593			
279	0.817281	0.891854	0.844233			
278.5	0.831918	0.885867	0.837909			
278	0.815615	0.886377	0.842556			
277.5	0.818808	0.87515	0.827748			
277	0.809024	0.877501	0.842251			
276.5	0.820071	0.886619	0.838784			
276	0.807006	0.879065	0.83926			
275.5	0.81987	0.884383	0.838272			
275	0.821098	0.879402	0.844828			
274.5	0.804444	0.875321	0.832071			
274	0.822817	0.883031	0.841674			
273.5	0.814844	0.878579	0.831912			
273	0.808411	0.882379	0.840282			
272.5	0.817164	0.87246	0.837941			
272	0.819535	0.880832	0.845253			
271.5	0.821921	0.882265	0.835931			
271	0.817627	0.87876	0.8373			
270.5	0.813483	0.874936	0.838143			
270	0.811333	0.872156	0.834099			
269.5	0.814948	0.88288	0.84011			
269	0.822723	0.888602	0.844962			
268.5	0.814024	0.883734	0.842282			
268	0.822174	0.880736	0.835282			
267.5	0.808158	0.885104	0.845004			
267	0.822555	0.888032	0.848877			
266.5	0.822112	0.891002	0.850658			
266	0.81934	0.882853	0.845817			
265.5	0.823677	0.880159	0.840215			
265	0.812709	0.891146	0.85349			
264.5	0.819159	0.880926	0.846297			
264	0.815553	0.886252	0.843782			
263.5	0.823784	0.891122	0.848327			
263	0.826867	0.886849	0.852589			
262.5	0.82201	0.896043	0.850988			
262	0.827789	0.887	0.850433			
261.5	0.816323	0.901049	0.852252			
261	0.81891	0.887234	0.853856			
260.5	0.826557	0.8862	0.840568			
260	0.824074	0.89686	0.842231			
259.5	0.827075	0.902402	0.848064			
259	0.830058	0.89494	0.850624			
258.5	0.831486	0.891252	0.856713			
258	0.825557	0.897043	0.847447			
257.5	0.824308	0.890769	0.858961			
257	0.82514	0.902147	0.857177			
256.5	0.826924	0.890184	0.857236			
256	0.830399	0.898493	0.855744			
255.5	0.829199	0.893827	0.85606			
255	0.819178	0.896779	0.866299			
254.5	0.820613	0.897824	0.850729			
254	0.832479	0.897142	0.84995			
253.5	0.824521	0.893639	0.856008			
253	0.816974	0.895947	0.85507			
252.5	0.821583	0.903831	0.85869			
252	0.829417	0.898945	0.858759			
251.5	0.823722	0.89886	0.850161			
251	0.829071	0.899529	0.860426			
250.5	0.82547	0.897571	0.85686			
250	0.818934	0.888579	0.860447			
249.5	0.828162	0.892062	0.85133			
249	0.81701	0.896687	0.864099			
248.5	0.821129	0.894165	0.851127			
248	0.810527	0.884823	0.84979			
247.5	0.823795	0.891069	0.852003			
247	0.825944	0.889526	0.845389			
246.5	0.817331	0.894089	0.853393			
246	0.809225	0.888804	0.847806			
245.5	0.810623	0.890601	0.850391			
245	0.822793	0.883678	0.862534			
244.5	0.81349	0.888527	0.845423			
244	0.80431	0.876076	0.846442			
243.5	0.806869	0.88233	0.843678			
243	0.818028	0.890414	0.845253			
242.5	0.810037	0.892072	0.844062			
242	0.811985	0.879957	0.830637			
241.5	0.808628	0.884356	0.834597			
241	0.813236	0.883812	0.844422			
240.5	0.80715	0.880678	0.846847			
240	0.799962	0.878857	0.840941			
239.5	0.799007	0.886786	0.835703			
239	0.803735	0.875462	0.833932			
238.5	0.805525	0.872519	0.829905			
238	0.805043	0.869965	0.837325			
237.5	0.802757	0.877375	0.832859			
237	0.789974	0.872275	0.829995			
236.5	0.797763	0.872281	0.835729			
236	0.797882	0.869875	0.833488			
235.5	0.803877	0.873419	0.830786			
235	0.797831	0.864745	0.836325			
234.5	0.798136	0.881041	0.836982			
234	0.788032	0.87019	0.826156			
233.5	0.790524	0.863609	0.822615			
233	0.792615	0.865523	0.836009			
232.5	0.797577	0.874975	0.820503			
232	0.783336	0.851484	0.823832			
231.5	0.786811	0.872418	0.828546			
231	0.778629	0.866552	0.820215			
230.5	0.78261	0.85889	0.819247			
230	0.793355	0.855111	0.820236			
229.5	0.778274	0.856177	0.814065			
229	0.780914	0.858464	0.813352			
228.5	0.780259	0.855548	0.820697			
228	0.787527	0.850373	0.822123			
227.5	0.777023	0.852417	0.807258			
227	0.771725	0.850307	0.811952			
226.5	0.776494	0.847675	0.807225			
226	0.779512	0.842449	0.804454			
225.5	0.763831	0.857838	0.808936			
225	0.774948	0.854353	0.804319			
224.5	0.768172	0.851363	0.811707			
224	0.779873	0.852036	0.810588			
223.5	0.776291	0.859906	0.820542			
223	0.777402	0.8687	0.81744			
222.5	0.787603	0.859813	0.823362			
222	0.790659	0.852408	0.817585			
221.5	0.788464	0.869711	0.812191			
221	0.778295	0.86569	0.825966			
220.5	0.789054	0.877048	0.821583			
220	0.805904	0.871948	0.82954			
219.5	0.806564	0.885124	0.832459			
219	0.802406	0.882721	0.829059			
218.5	0.811224	0.880485	0.846049			
218	0.803016	0.882987	0.847544			
217.5	0.801182	0.878904	0.842435			
217	0.797778	0.875117	0.847048			
216.5	0.79718	0.892932	0.839657			
216	0.80556	0.879239	0.837137			
215.5	0.820066	0.885855	0.870254			
215	0.825816	0.901568	0.852851			
214.5	0.808411	0.89852	0.848003			
214	0.815063	0.887947	0.860145			
213.5	0.823707	0.909517	0.855063			
213	0.799698	0.905894	0.870311			
212.5	0.814872	0.894561	0.860728			
212	0.830614	0.910845	0.859856			
211.5	0.832552	0.903234	0.865247			
211	0.830691	0.928258	0.878825			
210.5	0.815557	0.925941	0.868506			
210	0.826791	0.912076	0.873756			
209.5	0.826973	0.9322	0.869165			
209	0.825705	0.898708	0.875372			
208.5	0.837654	0.925571	0.850075			
208	0.835006	0.918598	0.872819			
207.5	0.834034	0.922737	0.881592			
207	0.827788	0.901273	0.884086			
206.5	0.833979	0.923753	0.889958			
206	0.83367	0.911533	0.85526			
205.5	0.832364	0.913867	0.859006			
205	0.822374	0.930411	0.876065			
204.5	0.82891	0.952214	0.875863			
204	0.839948	0.917651	0.861675			
203.5	0.82969	0.902929	0.869584			
203	0.837916	0.920989	0.863018			
202.5	0.834151	0.912529	0.891816			
202	0.821975	0.902605	0.876334			
201.5	0.851527	0.924431	0.870219			
201	0.832089	0.919269	0.858268			
200.5	0.827819	0.908572	0.883954			
200	0.836082	0.93514	0.88291			