	phcn		gc3n4			
800	0.07333	800	0.106085523698475			
799.5	0.07437	799.5	0.104344177985583			
799	0.07449	799	0.101466335477767			
798.5	0.07484	798.5	0.103911771045661			
798	0.07237	798	0.107553016504954			
797.5	0.07442	797.5	0.108937904974633			
797	0.07524	797	0.10818086733107			
796.5	0.07484	796.5	0.106068163767799			
796	0.07555	796	0.102711910503771			
795.5	0.07606	795.5	0.107580937060125			
795	0.07332	795	0.107744843738924			
794.5	0.0744	794.5	0.105505702013897			
794	0.0771	794	0.105126676860804			
793.5	0.07554	793.5	0.106337387359366			
793	0.07578	793	0.104067576423478			
792.5	0.07595	792.5	0.104857163937059			
792	0.07542	792	0.107638369497444			
791.5	0.07669	791.5	0.105804148155435			
791	0.07605	791	0.106368779900672			
790.5	0.07626	790.5	0.10197975542751			
790	0.07644	790	0.105445810253064			
789.5	0.07499	789.5	0.104370941212041			
789	0.07869	789	0.107282780250764			
788.5	0.0746	788.5	0.106176084670169			
788	0.07318	788	0.105240529072821			
787.5	0.07733	787.5	0.107913524398659			
787	0.07583	787	0.105908307739491			
786.5	0.0755	786.5	0.10671771450726			
786	0.07633	786	0.103428296976334			
785.5	0.07664	785.5	0.106284150238627			
785	0.07761	785	0.104261139650516			
784.5	0.07574	784.5	0.106422885017946			
784	0.07804	784	0.104709315194135			
783.5	0.07551	783.5	0.106432722311996			
783	0.07915	783	0.106995328731987			
782.5	0.07667	782.5	0.105251089697315			
782	0.07763	782	0.105712285188941			
781.5	0.07755	781.5	0.107311134804202			
781	0.07762	781	0.105575431068779			
780.5	0.0795	780.5	0.106275904271556			
780	0.07724	780	0.108234827782254			
779.5	0.07655	779.5	0.105138973478366			
779	0.07808	779	0.104154520742947			
778.5	0.07864	778.5	0.107840902021998			
778	0.07719	778	0.107970378171623			
777.5	0.07599	777.5	0.10959078303414			
777	0.07763	777	0.104286456216085			
776.5	0.07873	776.5	0.106133986838279			
776	0.08077	776	0.106910409737764			
775.5	0.07709	775.5	0.103500051356462			
775	0.07844	775	0.105292174866582			
774.5	0.07746	774.5	0.103543885181419			
774	0.0798	774	0.104865120571952			
773.5	0.07828	773.5	0.103014841294067			
773	0.07861	773	0.105496443384203			
772.5	0.07775	772.5	0.103828588044505			
772	0.07788	772	0.106495218062429			
771.5	0.07864	771.5	0.101926662972859			
771	0.07967	771	0.103318640080897			
770.5	0.07936	770.5	0.107131459521705			
770	0.07978	770	0.106344186665548			
769.5	0.07958	769.5	0.103859980585811			
769	0.08016	769	0.104853257952657			
768.5	0.07976	768.5	0.106793519537879			
768	0.07899	768	0.106394964462775			
767.5	0.07845	767.5	0.102928186306776			
767	0.08043	767	0.105237635751041			
766.5	0.08114	766.5	0.102705255863678			
766	0.0803	766	0.103400521087252			
765.5	0.08082	765.5	0.10114387476546			
765	0.07787	765	0.102889705127111			
764.5	0.08122	764.5	0.105390981805346			
764	0.08104	764	0.103504970003486			
763.5	0.07965	763.5	0.106536303231696			
763	0.07991	763	0.105978615458729			
762.5	0.08179	762.5	0.106371239224185			
762	0.07945	762	0.106191419275599			
761.5	0.08136	761.5	0.104347505305629			
761	0.08265	761	0.10450273201909			
760.5	0.08077	760.5	0.103640956127115			
760	0.08088	760	0.105682049976347			
759.5	0.08124	759.5	0.103534915883903			
759	0.08234	759	0.103895857775875			
758.5	0.07923	758.5	0.104157992729082			
758	0.08449	758	0.105483857434463			
757.5	0.08215	757.5	0.105804148155435			
757	0.08336	757	0.102603989601402			
756.5	0.08182	756.5	0.103024678588117			
756	0.08465	756	0.101198413881001			
755.5	0.08385	755.5	0.106790915548277			
755	0.08186	755	0.102447171560962			
754.5	0.08323	754.5	0.103549093160621			
754	0.0817	754	0.104890292471432			
753.5	0.08395	753.5	0.104781937570796			
753	0.08143	753	0.105437274953815			
752.5	0.08453	752.5	0.103883705824401			
752	0.08278	752	0.10584407599599			
751.5	0.08347	751.5	0.103994375382461			
751	0.08299	751	0.104839659340294			
750.5	0.08367	750.5	0.104078281714062			
750	0.08383	750	0.104064683101699			
749.5	0.08517	749.5	0.107028746598539			
749	0.08408	749	0.103748732363395			
748.5	0.08261	748.5	0.101708651176786			
748	0.08643	748	0.104164068704819			
747.5	0.08343	747.5	0.105359733930129			
747	0.08366	747	0.108553671842337			
746.5	0.08532	746.5	0.103555892466803			
746	0.08466	746	0.10457419706704			
745.5	0.08506	745.5	0.1074121117343			
745	0.08504	745	0.10496334884636			
744.5	0.08615	744.5	0.10516356671349			
744	0.08486	744	0.104649568099391			
743.5	0.08479	743.5	0.104388445808806			
743	0.08438	743	0.106523283283689			
742.5	0.08625	742.5	0.103425982318911			
742	0.08421	742	0.104779044249017			
741.5	0.0857	741.5	0.104889279808809			
741	0.08491	741	0.105246894380735			
740.5	0.08722	740.5	0.105369860556357			
740	0.08503	740	0.10537781719125			
739.5	0.08507	739.5	0.106030116586401			
739	0.08532	739	0.104812896113835			
738.5	0.08538	738.5	0.105839302015054			
738	0.08566	738	0.102477406773556			
737.5	0.08735	737.5	0.10235776791798			
737	0.0863	737	0.10085121526748			
736.5	0.08448	736.5	0.106242341738915			
736	0.08509	736	0.103563125771251			
735.5	0.08665	735.5	0.104198065235726			
735	0.0863	735	0.104485516754503			
734.5	0.08599	734.5	0.104804071482408			
734	0.0868	734	0.107776380946319			
733.5	0.08823	733.5	0.104784830892575			
733	0.087	733	0.104344611983849			
732.5	0.08608	732.5	0.105546497850985			
732	0.08786	732	0.104375859859066			
731.5	0.08674	731.5	0.102487822731961			
731	0.08661	731	0.105393875127125			
730.5	0.08801	730.5	0.104572027075705			
730	0.08756	730	0.105286532889112			
729.5	0.087	729.5	0.100613094885041			
729	0.08852	729	0.105473730808235			
728.5	0.08734	728.5	0.106124004878141			
728	0.08973	728	0.106436049632042			
727.5	0.08792	727.5	0.105651959429842			
727	0.08813	727	0.105310402793792			
726.5	0.0887	726.5	0.103259182318332			
726	0.08766	726	0.105545195856185			
725.5	0.08849	725.5	0.10599380539807			
725	0.08862	725	0.10597427547606			
724.5	0.09055	724.5	0.104332315366287			
724	0.0888	724	0.107833813383639			
723.5	0.08899	723.5	0.105014849974032			
723	0.09048	723	0.105251668361671			
722.5	0.08748	722.5	0.1054492822392			
722	0.09066	722	0.10211270356327			
721.5	0.08898	721.5	0.10387965517391			
721	0.08992	721	0.104939189609503			
720.5	0.08966	720.5	0.105049425169296			
720	0.09206	720	0.106156554748158			
719.5	0.091	719.5	0.10737999586255			
719	0.09141	719	0.106004944686921			
718.5	0.08951	718.5	0.106549612511881			
718	0.09222	718	0.106538328556941			
717.5	0.09099	717.5	0.104077269051439			
717	0.09231	717	0.107003140700791			
716.5	0.09061	716.5	0.105894853793217			
716	0.09099	716	0.105983968104021			
715.5	0.09199	715.5	0.104619911551153			
715	0.09115	715	0.106756629685192			
714.5	0.09238	714.5	0.105323712073976			
714	0.09158	714	0.10362634485213			
713.5	0.09013	713.5	0.106964804187215			
713	0.09102	713	0.107096884326442			
712.5	0.09198	712.5	0.107151568108071			
712	0.09269	712	0.10457969437842			
711.5	0.09119	711.5	0.10281838474525			
711	0.09219	711	0.104069746414813			
710.5	0.09333	710.5	0.106251745034698			
710	0.09198	710	0.102661422038721			
709.5	0.09215	709.5	0.104917345030069			
709	0.09352	709	0.106190406612976			
708.5	0.09088	708.5	0.104929062983275			
708	0.09203	708	0.104575209729662			
707.5	0.09293	707.5	0.10541137972389			
707	0.09205	707	0.104174918661491			
706.5	0.09309	706.5	0.106494639398073			
706	0.09403	706	0.106028380593334			
705.5	0.09375	705.5	0.105768126299282			
705	0.09307	705	0.108357359959609			
704.5	0.09363	704.5	0.10386996254595			
704	0.09378	704	0.106540932546543			
703.5	0.09479	703.5	0.107212617197615			
703	0.09488	703	0.105684219967682			
702.5	0.09385	702.5	0.10496060019067			
702	0.09554	702	0.106806973484153			
701.5	0.09462	701.5	0.103953145547105			
701	0.09504	701	0.10523503176144			
700.5	0.09546	700.5	0.105403567755086			
700	0.09578	700	0.104330000708864			
699.5	0.09595	699.5	0.105220131154276			
699	0.09638	699	0.106605019623955			
698.5	0.0947	698.5	0.10517195734665			
698	0.09672	698	0.105864763246712			
697.5	0.09601	697.5	0.106731023787445			
697	0.09565	697	0.106959740874101			
696.5	0.09533	696.5	0.104762986313141			
696	0.09652	696	0.106785707569074			
695.5	0.0964	695.5	0.105681181979813			
695	0.09593	695	0.108001192048573			
694.5	0.09691	694.5	0.105268738960169			
694	0.09641	694	0.104985193425794			
693.5	0.09825	693.5	0.105661073393447			
693	0.09734	693	0.105168051362248			
692.5	0.09547	692.5	0.105694780592176			
692	0.09694	692	0.104393798454098			
691.5	0.09659	691.5	0.105435972959015			
691	0.09671	691	0.105674093341454			
690.5	0.09917	690.5	0.105352355959592			
690	0.09849	690	0.106632216848681			
689.5	0.09725	689.5	0.105747728380738			
689	0.099	689	0.105746571052026			
688.5	0.09848	688.5	0.105794744859652			
688	0.09839	688	0.106269972961908			
687.5	0.09933	687.5	0.107245456399811			
687	0.09839	687	0.105181939306789			
686.5	0.09918	686.5	0.105848849976926			
686	0.09871	686	0.104902589088994			
685.5	0.09857	685.5	0.104885229158318			
685	0.09802	685	0.103087319004639			
684.5	0.10008	684.5	0.104846313980386			
684	0.09915	684	0.10361086558061			
683.5	0.09803	683.5	0.105333694034115			
683	0.09916	683	0.102245217700764			
682.5	0.09915	682.5	0.10410649160141			
682	0.09803	682	0.10350308934433			
681.5	0.09912	681.5	0.10370894918893			
681	0.09976	681	0.104566385098236			
680.5	0.10042	680.5	0.104188227941676			
680	0.10003	680	0.105492248067623			
679.5	0.10058	679.5	0.104940780936481			
679	0.09979	679	0.106726539138687			
678.5	0.1012	678.5	0.10585810860662			
678	0.10084	678	0.104146419441965			
677.5	0.10056	677.5	0.107007336017372			
677	0.09985	677	0.107019632634934			
676.5	0.10083	676.5	0.104899406435037			
676	0.10069	676	0.105903967756822			
675.5	0.10148	675.5	0.106147296118464			
675	0.10226	675	0.10622628380304			
674.5	0.10191	674.5	0.105308522134635			
674	0.1034	674	0.106058037141572			
673.5	0.10257	673.5	0.105826716065314			
673	0.10294	673	0.105531307911644			
672.5	0.10261	672.5	0.106849939312576			
672	0.10121	672	0.104493618055485			
671.5	0.10377	671.5	0.105635322829611			
671	0.10313	671	0.105671923350119			
670.5	0.10333	670.5	0.104570869746993			
670	0.10398	670	0.105885595163523			
669.5	0.10507	669.5	0.107716923183753			
669	0.10305	669	0.106785562902985			
668.5	0.10402	668.5	0.106760246337416			
668	0.10365	668	0.104365877898928			
667.5	0.10327	667.5	0.108274176958453			
667	0.10428	667	0.104524721264613			
666.5	0.10527	666.5	0.106837642695014			
666	0.10532	666	0.106158724739493			
665.5	0.10472	665.5	0.10688292318086			
665	0.10498	665	0.106860789269248			
664.5	0.10388	664.5	0.106279376257691			
664	0.10352	664	0.105749030375539			
663.5	0.10618	663.5	0.106025487271554			
663	0.10547	663	0.108740580429282			
662.5	0.10676	662.5	0.106376302537299			
662	0.10643	662	0.104527180588126			
661.5	0.10636	661.5	0.106730589789178			
661	0.10581	661	0.106260135667858			
660.5	0.10651	660.5	0.111271368989667			
660	0.10643	660	0.105974998806505			
659.5	0.10542	659.5	0.106613844255382			
659	0.10712	659	0.107518875307958			
658.5	0.10598	658.5	0.106579269060119			
658	0.10742	658	0.108279384937656			
657.5	0.10649	657.5	0.106547587186635			
657	0.1071	657	0.104727253789167			
656.5	0.10745	656.5	0.105509029333943			
656	0.1072	656	0.106509829337415			
655.5	0.10775	655.5	0.105586570357629			
655	0.10706	655	0.106764296987907			
654.5	0.10832	654.5	0.106502306700789			
654	0.1098	654	0.105458106870627			
653.5	0.10797	653.5	0.108138335500914			
653	0.10893	653	0.107341370016796			
652.5	0.10816	652.5	0.106812181463355			
652	0.10854	652	0.108213706533265			
651.5	0.10861	651.5	0.103946490907013			
651	0.10891	651	0.107226794474334			
650.5	0.10969	650.5	0.104889569140987			
650	0.10884	650	0.107204515896633			
649.5	0.10875	649.5	0.106945852929561			
649	0.10959	649	0.107286541569077			
648.5	0.10978	648.5	0.106939342955557			
648	0.10998	648	0.105895287791484			
647.5	0.1092	647.5	0.106848203319508			
647	0.11106	647	0.107816019454696			
646.5	0.11	646.5	0.107794608873529			
646	0.11086	646	0.10765153411154			
645.5	0.11045	645.5	0.106622813552898			
645	0.11078	645	0.107869256575435			
644.5	0.11139	644.5	0.105924510341455			
644	0.11044	644	0.106461076865433			
643.5	0.11218	643.5	0.109286694915132			
643	0.11213	643	0.106536303231696			
642.5	0.11268	642.5	0.108560037150252			
642	0.11183	642	0.106093046335102			
641.5	0.11316	641.5	0.106828818063587			
641	0.11342	641	0.108775444956723			
640.5	0.11344	640.5	0.108519385979252			
640	0.11351	640	0.106069755094778			
639.5	0.11315	639.5	0.107046395861393			
639	0.11358	639	0.107113231594495			
638.5	0.11359	638.5	0.107249507050302			
638	0.11368	638	0.107899491788029			
637.5	0.1124	637.5	0.10831670878861			
637	0.11391	637	0.105566172439085			
636.5	0.11473	636.5	0.10762216689548			
636	0.11375	636	0.105735865761443			
635.5	0.11479	635.5	0.107440032289471			
635	0.11548	635	0.10803243992379			
634.5	0.11573	634.5	0.108594178347248			
634	0.11556	634	0.107892837147937			
633.5	0.1153	633.5	0.106637135495706			
633	0.11543	633	0.108333634721019			
632.5	0.11589	632.5	0.109292626224779			
632	0.11562	632	0.108026653280231			
631.5	0.11642	631.5	0.107500647380748			
631	0.11784	631	0.106345488660349			
630.5	0.11598	630.5	0.108230921797852			
630	0.11606	630	0.107841770018532			
629.5	0.11762	629.5	0.108193742612988			
629	0.11825	629	0.108696891270414			
628.5	0.11676	628.5	0.108908971756839			
628	0.11828	628	0.107503685368616			
627.5	0.11755	627.5	0.108937326310277			
627	0.11738	627	0.109155482772439			
626.5	0.11782	626.5	0.109417762391736			
626	0.11803	626	0.108077575743548			
625.5	0.11879	625.5	0.106460787533255			
625	0.11956	625	0.107390411820955			
624.5	0.1183	624.5	0.106758510344349			
624	0.11839	624	0.109838162046273			
623.5	0.11758	623.5	0.11016756673085			
623	0.12096	623	0.108693853282546			
622.5	0.12052	622.5	0.108790924228243			
622	0.11949	622	0.108208064555796			
621.5	0.11907	621.5	0.108770670975787			
621	0.12197	621	0.109498920067646			
620.5	0.12132	620.5	0.108975373491675			
620	0.12135	620	0.107704192567924			
619.5	0.12088	619.5	0.107908461085545			
619	0.12179	619	0.109741091100576			
618.5	0.12151	618.5	0.110528074624555			
618	0.12087	618	0.110546736550032			
617.5	0.12166	617.5	0.110125034900694			
617	0.12165	617	0.110449231606068			
616.5	0.12249	616.5	0.10721753584464			
616	0.1228	616	0.109852917987348			
615.5	0.12354	615.5	0.10994492561993			
615	0.12323	615	0.108085966376708			
614.5	0.12323	614.5	0.109469986849853			
614	0.12336	614	0.109855955975216			
613.5	0.12462	613.5	0.108849079996007			
613	0.12493	613	0.109174144697916			
612.5	0.12481	612.5	0.109128140881624			
612	0.12505	612	0.109713749209761			
611.5	0.12505	611.5	0.109478377483013			
611	0.12583	611	0.109866371933621			
610.5	0.12563	610.5	0.109249949728534			
610	0.12606	610	0.10971534053674			
609.5	0.12589	609.5	0.109673821369207			
609	0.12601	609	0.109747167076313			
608.5	0.1263	608.5	0.111312454158933			
608	0.12623	608	0.110833320072275			
607.5	0.12751	607.5	0.111326776101741			
607	0.12705	607	0.111589200387126			
606.5	0.12705	606.5	0.109849156669034			
606	0.12802	606	0.110339140712365			
605.5	0.12797	605.5	0.112234989808274			
605	0.12734	605	0.111859002643049			
604.5	0.12695	604.5	0.110853573324731			
604	0.12773	604	0.111419651730857			
603.5	0.12828	603.5	0.109351215990811			
603	0.12956	603	0.113408665788061			
602.5	0.1296	602.5	0.111977773502091			
602	0.12965	602	0.111631732217283			
601.5	0.12952	601.5	0.111482002815202			
601	0.13065	601	0.111658206111564			
600.5	0.13123	600.5	0.109934943659792			
600	0.1306	600	0.10994362362513			
599.5	0.13064	599.5	0.111348765347264			
599	0.12996	599	0.112013072027799			
598.5	0.13013	598.5	0.111823704117342			
598	0.13139	598	0.111700882607809			
597.5	0.13139	597.5	0.11139274383831			
597	0.13219	597	0.112201137943456			
596.5	0.13208	596.5	0.111394913829644			
596	0.13241	596	0.114297638904762			
595.5	0.13288	595.5	0.111384931869505			
595	0.13262	595	0.110389773843503			
594.5	0.13407	594.5	0.113121214269284			
594	0.13309	594	0.110949631607804			
593.5	0.13417	593.5	0.110271436982728			
593	0.13482	593	0.114059807854501			
592.5	0.133	592.5	0.111677880699663			
592	0.13512	592	0.110780372283713			
591.5	0.13492	591.5	0.11361322363786			
591	0.1352	591	0.113291920254265			
590.5	0.13504	590.5	0.111092851035882			
590	0.13472	590	0.113750801088468			
589.5	0.13604	589.5	0.114411057118512			
589	0.13673	589	0.113038175934217			
588.5	0.13648	588.5	0.114576121126023			
588	0.13638	588	0.114039843934223			
587.5	0.13632	587.5	0.113481722162989			
587	0.13883	587	0.113428195710072			
586.5	0.13827	586.5	0.112940815656343			
586	0.13818	586	0.114644548186104			
585.5	0.13892	585.5	0.114796447579519			
585	0.13736	585	0.114496988775358			
584.5	0.1387	584.5	0.11390024115837			
584	0.13909	584	0.115397535179176			
583.5	0.14034	583.5	0.115690484009334			
583	0.13971	583	0.11634770205151			
582.5	0.14057	582.5	0.115068998491133			
582	0.14054	582	0.114654530146243			
581.5	0.14125	581.5	0.117376567276241			
581	0.1409	581	0.115347914710661			
580.5	0.14087	580.5	0.116406147151452			
580	0.14209	580	0.116772152356538			
579.5	0.14143	579.5	0.116078333793854			
579	0.14313	579	0.114292864923826			
578.5	0.1424	578.5	0.116234717836027			
578	0.1424	578	0.116730488522916			
577.5	0.14255	577.5	0.115945385658093			
577	0.14336	577	0.1167634723912			
576.5	0.14391	576.5	0.117047885922109			
576	0.14456	576	0.116880362591085			
575.5	0.14514	575.5	0.117613964328236			
575	0.14415	575	0.119856867371576			
574.5	0.14576	574.5	0.117186042037072			
574	0.1451	574	0.118166154789822			
573.5	0.14508	573.5	0.118294907609002			
573	0.14689	573	0.120614773011673			
572.5	0.14524	572.5	0.118750895121425			
572	0.14624	572	0.119088979771341			
571.5	0.1461	571.5	0.119095489745344			
571	0.14774	571	0.121263889752867			
570.5	0.14756	570.5	0.119052957915188			
570	0.14883	570	0.120652241528716			
569.5	0.1489	569.5	0.120080810477297			
569	0.14801	569	0.120493832161297			
568.5	0.14954	568.5	0.119967247597458			
568	0.14926	568	0.118798056266429			
567.5	0.15038	567.5	0.121104757055004			
567	0.1504	567	0.121175788104686			
566.5	0.15009	566.5	0.122256009791001			
566	0.15013	566	0.120992640836054			
565.5	0.15094	565.5	0.120055638577817			
565	0.1517	565	0.121221357922711			
564.5	0.15102	564.5	0.120890795909422			
564	0.15294	564	0.121759226441489			
563.5	0.15283	563.5	0.123143536246812			
563	0.15452	563	0.123885094618855			
562.5	0.153	562.5	0.121881758618844			
562	0.15362	562	0.122732829220235			
561.5	0.15384	561.5	0.122410368507928			
561	0.15501	561	0.122904692533928			
560.5	0.15543	560.5	0.123310336247391			
560	0.15478	560	0.124350630093151			
559.5	0.15793	559.5	0.123450083689332			
559	0.15558	559	0.124270629745952			
558.5	0.15585	558.5	0.122509898777138			
558	0.15653	558	0.12326838308159			
557.5	0.15704	557.5	0.124394897916374			
557	0.15878	557	0.12342939643861			
556.5	0.15929	556.5	0.124500070163053			
556	0.15829	556	0.124786364353118			
555.5	0.15998	555.5	0.123513158104122			
555	0.15951	555	0.123240896524687			
554.5	0.16084	554.5	0.124929583781195			
554	0.16007	554	0.125079891847632			
553.5	0.16053	553.5	0.125299784302861			
553	0.16166	553	0.126153603559943			
552.5	0.16195	552.5	0.125161628187898			
552	0.16212	552	0.126279318391255			
551.5	0.16107	551.5	0.125809153602113			
551	0.1625	551	0.125440399741337			
550.5	0.16274	550.5	0.124522204074665			
550	0.16468	550	0.124491534863804			
549.5	0.16408	549.5	0.126101813100093			
549	0.16433	549	0.127725255950478			
548.5	0.1653	548.5	0.127430715793342			
548	0.1649	548	0.127460661673758			
547.5	0.16679	547.5	0.128548839994966			
547	0.16665	547	0.126801562972425			
546.5	0.16783	546.5	0.127030424725171			
546	0.16713	546	0.126046984652375			
545.5	0.16716	545.5	0.128870866709006			
545	0.16735	545	0.130475936966092			
544.5	0.169	544.5	0.127144566269365			
544	0.16882	544	0.128982548929688			
543.5	0.17012	543.5	0.127462397666825			
543	0.17033	543	0.12866862351663			
542.5	0.17096	542.5	0.128503704175208			
542	0.17164	542	0.128646344938929			
541.5	0.17237	541.5	0.131393843300586			
541	0.17142	541	0.130529029420743			
540.5	0.1732	540.5	0.128026161415529			
540	0.17368	540	0.129912896547833			
539.5	0.17421	539.5	0.130041504700925			
539	0.17471	539	0.129940527770826			
538.5	0.17488	538.5	0.131041436707863			
538	0.17607	538	0.131252793863843			
537.5	0.17543	537.5	0.130757457175221			
537	0.1767	537	0.131563681289033			
536.5	0.17705	536.5	0.130408667234722			
536	0.17754	536	0.132799129688809			
535.5	0.17762	535.5	0.132628857702095			
535	0.17914	535	0.13268976212555			
534.5	0.17855	534.5	0.132185166807234			
534	0.18033	534	0.131532722745994			
533.5	0.18054	533.5	0.133913058573853			
531	0.185955429296777	533	0.13230335900192			
530	0.187842711716492	532.5	0.134703658750056			
529	0.190811214153619	532	0.135176861527066			
528	0.193698881825655	531.5	0.134040943396499			
527	0.195759777298307	531	0.135266699168315			
526	0.199062132427939	530.5	0.135036969419035			
525	0.201889675704496	530	0.134729409313892			
524	0.204692413885649	529.5	0.135000368898527			
523	0.207714301195791	529	0.135662939585995			
522	0.21009333029719	528.5	0.135752053896798			
521	0.213054964679143	528	0.135757117209912			
520	0.215590160164146	527.5	0.137187141499348			
519	0.219735177456759	527	0.137613183131355			
518	0.222166951630268	526.5	0.135965870376291			
517	0.225080618692731	526	0.136389308018697			
516	0.227981147651149	525.5	0.137330939591781			
515	0.230360581816656	525	0.136177661530538			
514	0.234099784416351	524.5	0.138956118435234			
513	0.236915597150855	524	0.137916837252097			
512	0.240012474852361	523.5	0.137844793539791			
511	0.243390758748017	523	0.140425057902602			
510	0.247475096864769	522.5	0.138803785043552			
509	0.250979303597801	522	0.138777600481449			
508	0.253416367364654	521.5	0.14061153249128			
507	0.257728449412351	521	0.139217240725819			
506	0.260529630887768	520.5	0.139159808288499			
505	0.26480413271926	520	0.141765967881235			
504	0.268933302987934	519.5	0.14223989398869			
503	0.271678518630622	519	0.142475844379795			
502	0.276321147875947	518.5	0.142443728508044			
501	0.280448185188673	518	0.143728363378069			
500	0.285871987006638	517.5	0.140923287913004			
499	0.290566785360126	517	0.142632807086324			
498	0.295936071560747	516.5	0.143014002230751			
497	0.301747238904413	516	0.142332190953451			
496	0.308162382596448	515.5	0.144862834847746			
495	0.314995263606859	515	0.143363226169517			
494	0.322532620376534	514.5	0.144190426866229			
493	0.330200848063514	514	0.143614655832141			
492	0.338671832371655	513.5	0.145549998770338			
491	0.34780045529137	513	0.145327212993329			
490	0.357253525114625	512.5	0.145826311000265			
489	0.366916849832362	512	0.14710660588762			
488	0.376013523070102	511.5	0.145834990965603			
487	0.386829901559219	511	0.146115643178198			
486	0.396298413342306	510.5	0.147533370850072			
485	0.406116923129328	510	0.147390151421995			
484	0.415887828293839	509.5	0.147057419417372			
483	0.42442318172579	509	0.148528673542164			
482	0.432824976790371	508.5	0.150824524374066			
481	0.439751830383651	508	0.150964850480364			
480	0.447634066750021	507.5	0.149354716910164			
479	0.454229648610511	507	0.15132796236367			
478	0.460873218974054	506.5	0.150525065569905			
477	0.4674679901338	506	0.150212586817737			
476	0.474804092447586	505.5	0.150896857418549			
475	0.481350448284076	505	0.151908073380427			
474	0.488696319083807	504.5	0.152430317961597			
473	0.497877068458291	504	0.153263594634045			
472	0.50760075259457	503.5	0.154128697846067			
471	0.518465162812664	503	0.150811504426059			
470	0.530380591582807	502.5	0.153278061242942			
469	0.544337272649625	502	0.153639726465359			
468	0.559378244491937	501.5	0.153688912935608			
467	0.575222655695971	501	0.154442623259124			
466	0.591955307792431	500.5	0.157460357874971			
465	0.610592710161504	500	0.155380059515629			
464	0.627932836757143	499.5	0.155031414241219			
463	0.646380587538464	499	0.157263611993976			
462	0.663545053432004	498.5	0.15598476376751			
461	0.681437755028935	498	0.15911678459364			
460	0.697999993363247	497.5	0.156874460214656			
459	0.714736271284433	497	0.157092906008995			
458	0.729238361009878	496.5	0.15816054174557			
457	0.743962948012583	496	0.159011178348694			
456	0.758331010469591	495.5	0.159610095957017			
455	0.770230016538112	495	0.160525832300176			
454	0.782914929992235	494.5	0.159714255541073			
453	0.796167604200855	494	0.163197814963392			
452	0.806828797906952	493.5	0.161667247742124			
451	0.820002472018938	493	0.162267612011336			
450	0.831972117546405	492.5	0.164277023987084			
449	0.844044651074812	492	0.162668337077774			
448	0.857047954364308	491.5	0.163951525286909			
447	0.87083707973262	491	0.166785533969768			
446	0.884769616688505	490.5	0.165058220867505			
445	0.897627119227853	490	0.166306689215288			
444	0.910241393223031	489.5	0.166358769007316			
443	0.922405553683921	489	0.167505971092822			
442	0.934016967957415	488.5	0.168362394339505			
441	0.945227068186684	488	0.16694755998941			
440	0.954583648590578	487.5	0.168088975431358			
439	0.962824841318612	487	0.169275237360885			
438	0.971209189713858	486.5	0.169359143692486			
437	0.975225660842254	486	0.167578304137305			
436	0.980455971694507	485.5	0.170157700503583			
435	0.983909459534761	485	0.171841613779156			
434	0.985759737415953	484.5	0.171338175789551			
433	0.987803761896953	484	0.17278049669655			
432	0.987852475793964	483.5	0.17400003182654			
431	0.987582885448654	483	0.174157717863513			
430	0.988124796528999	482.5	0.175756278146596			
429	0.98738657935896	482	0.174988101214182			
428	0.986113446837667	481.5	0.177619577372488			
427	0.98638935045777	481	0.175934217436025			
426	0.98676396175997	480.5	0.178344354478211			
425	0.986770786875486	480	0.175384486297951			
424	0.985955702278497	479.5	0.178850685789595			
423	0.988175557788907	479	0.180209100364993			
422	0.990113793838196	478.5	0.179274557430267			
421	0.992338341794438	478	0.181191383109077			
420	0.995369357503355	477.5	0.179895174951935			
419	0.995713170478943	477	0.183601520151263			
418	0.998724052354724	476.5	0.18330929465155			
417	0.99934044198571	476	0.184755955541218			
416	1	475.5	0.184768975489225			
415	0.999752420523411	475	0.185568978961211			
414	0.999433518847313	474.5	0.186083990237932			
413	0.999308364057288	474	0.186561388331523			
412	0.998948170747208	473.5	0.188339334564924			
411	0.994829579378957	473	0.187870616436672			
410	0.994045975276614	472.5	0.188912212277232			
409	0.991945814635574	472	0.189935001526227			
408	0.988336885519409	471.5	0.192844236575349			
407	0.985055901457593	471	0.193302828077373			
406	0.980634959361312	470.5	0.193213135102214			
405	0.975888972927716	470	0.194965041439601			
404	0.971092822095459	469.5	0.197210259140365			
403	0.970719746601696	469	0.196285842831868			
402	0.962322771656865	468.5	0.196488375356421			
401	0.960880889142041	468	0.198523827228183			
400	0.956023056922304	467.5	0.200336493322937			
399	0.954433923441947	467	0.200578085691511			
398	0.949712677980531	466.5	0.202244639036408			
397	0.947048851310787	466	0.203765079631449			
396	0.945107373317314	465.5	0.202833430018503			
395	0.941906157399482	465	0.205768704963638			
394	0.937974402495002	464.5	0.206749541046833			
393	0.935438289818902	464	0.205030907909908			
392	0.932423227910541	463.5	0.20863164686429			
391	0.92732421450953	463	0.211361495963093			
390	0.925867743389013	462.5	0.212962949567955			
389	0.919848710027175	462	0.212578137771303			
388	0.917724831809138	461.5	0.213773079666169			
387	0.915198701172216	461	0.216954286962547			
386	0.909809536772557	460.5	0.216981773519451			
385	0.907317275220325	460	0.219267497725126			
384	0.903235709860427	459.5	0.221232063213294			
383	0.899345843737441	459	0.221446169024965			
382	0.896281470498293	458.5	0.2231214023352			
381	0.892732687533701	458	0.225291393669701			
380	0.8912651259583	457.5	0.229411483883474			
379	0.890703507578756	457	0.230278033756385			
378	0.887084852916304	456.5	0.228773506431131			
377	0.888350904115455	456	0.233026689446753			
376	0.884832748863899	455.5	0.235376066731573			
375	0.884807837278143	455	0.237427431873122			
374	0.88491183426732	454.5	0.239731962670362			
373	0.883985756952063	454	0.242506658256745			
372	0.879061380285438	453.5	0.24265711098927			
371	0.880224884710797	453	0.24378839980499			
370	0.876619027211505	452.5	0.247215539452612			
369	0.873509693573989	452	0.251536715530049			
368	0.87284100687466	451.5	0.253407248060389			
367	0.86929213860328	451	0.253569274080032			
366	0.866674210706565	450.5	0.257899130122807			
365	0.861884202535526	450	0.262621031266682			
364	0.861382559407715	449.5	0.263721940203719			
363	0.859521873525939	449	0.268235522179481			
362	0.854465687281083	448.5	0.270351987061065			
361	0.849793241023466	448	0.27485399574971			
360	0.846884820900953	447.5	0.278040989689648			
359	0.84258306126079	447	0.283570127609957			
358	0.838702835663566	446.5	0.286006304548157			
357	0.836441432598812	446	0.291539782451135			
356	0.834003259843723	445.5	0.294058419060047			
355	0.826762964494999	445	0.301518849268062			
354	0.822254490764556	444.5	0.301916681012721			
353	0.819263230881187	444	0.310415813739517			
352	0.81293476575544	443.5	0.312114193623987			
351	0.809413282966649	443	0.320610433029004			
350	0.800506986996882	442.5	0.321488556189032			
349	0.80404058420827	442	0.330755865848242			
348	0.800242430038289	441.5	0.335567459967277			
347	0.793953294204152	441	0.346194630862774			
346	0.787364878686328	440.5	0.348254675969661			
345	0.779516981164509	440	0.35500045569818			
344	0.775626773814373	439.5	0.363817853820704			
343	0.772522217929478	439	0.370732892873314			
342	0.769208985325666	438.5	0.373744840845602			
341	0.768651547264966	438	0.385766592838739			
340	0.764319842938594	437.5	0.3928986310248			
339	0.759919034675448	437	0.403719654479513			
338	0.758909350124512	436.5	0.411589489719304			
337	0.757944966912829	436	0.419415925132406			
336	0.752901151297196	435.5	0.431062991955119			
335	0.754003486462063	435	0.439167186259036			
334	0.758013132474942	434.5	0.444871370146995			
333	0.751925762937417	434	0.457509399679131			
332	0.754414441032051	433.5	0.465575980799917			
331	0.755920223197091	433	0.474467158627813			
330	0.749990427605161	432.5	0.486567030308992			
329	0.753311167778788	432	0.499740324370305			
328	0.749891122775553	431.5	0.505318648760863			
327	0.753795236277083	431	0.5190344406558			
326	0.75009433928755	430.5	0.526331398183283			
325	0.748248753852191	430	0.538629462406347			
324	0.739689683415772	429.5	0.550314142412191			
323	0.725220609993408	429	0.559765178004389			
322	0.708719370592279	428.5	0.568895054879081			
321	0.686273149846014	428	0.583319710609956			
320	0.672001235867482	427.5	0.591820289997642			
319	0.674625391732202	427	0.599473126103983			
318	0.69196415313298	426.5	0.611264859015663			
317	0.701309386875363	426	0.622752793140513			
316	0.700362663599983	425.5	0.631179592822826			
315	0.701622913937594	425	0.64395360847859			
314	0.695433168239852	424.5	0.651194146231376			
313	0.696955074532758	424	0.663574670125151			
312	0.693360904635861	423.5	0.668151905180059			
311	0.693256992953472	423	0.679923384839283			
310	0.683472651111161	422.5	0.689072068305541			
309	0.677797601338486	422	0.699065601731364			
308	0.672018383963061	421.5	0.704905771742951			
307	0.656219274098279	421	0.717509081413735			
306	0.643243271270848	420.5	0.720334410131256			
305	0.636951831867188	420	0.730330836878858			
304	0.633613431757259	419.5	0.735832488242264			
303	0.623778157755201	419	0.744184061558314			
302	0.616110868729146	418.5	0.749520793580298			
301	0.597464849515758	418	0.75916857505349			
300	0.577520871788373	417.5	0.765759562066816			
