	gcen4	gc3n4 tio2 water				
417.750876	895	304				
417.856419	913	301				
417.961962	976	267				
418.067505	934	311				
418.173047	964	316				
418.278589	989	311				
418.384131	1028	301				
418.489673	1003	301				
418.595215	1067	356				
418.700757	1010	343				
418.806298	1113	304				
418.91184	1032	337				
419.017381	1113	369				
419.122922	1141	331				
419.228463	1164	401				
419.334004	1184	348				
419.439544	1190	347				
419.545085	1225	393				
419.650625	1214	403				
419.756165	1295	404				
419.861705	1269	410				
419.967245	1272	397				
420.072784	1329	409				
420.178324	1352	416				
420.283863	1382	465				
420.389402	1453	413				
420.494941	1437	480				
420.60048	1400	432				
420.706019	1496	468				
420.811557	1494	483				
420.917096	1545	461				
421.022634	1553	486				
421.128172	1632	533				
421.23371	1648	502				
421.339248	1601	515				
421.444786	1669	539				
421.550323	1725	544				
421.65586	1735	523				
421.761398	1785	552				
421.866935	1807	540				
421.972471	1882	564				
422.078008	1846	546				
422.183545	1909	582				
422.289081	1936	666				
422.394617	1927	645				
422.500153	1983	615				
422.605689	2034	631				
422.711225	2053	634				
422.816761	2109	661				
422.922296	2177	692				
423.027831	2188	682				
423.133367	2201	685				
423.238902	2291	702				
423.344436	2372	709				
423.449971	2356	763				
423.555506	2423	687				
423.66104	2500	736				
423.766574	2502	762				
423.872108	2531	725				
423.977642	2529	790				
424.083176	2619	794				
424.188709	2725	752				
424.294243	2706	808				
424.399776	2772	846				
424.505309	2736	871				
424.610842	2838	851				
424.716375	2894	907				
424.821908	2991	924				
424.92744	3047	893				
425.032972	2959	936				
425.138505	3091	921				
425.244037	3103	954				
425.349569	3185	963				
425.4551	3328	927				
425.560632	3255	1008				
425.666163	3380	1004				
425.771694	3478	994				
425.877226	3442	1049				
425.982756	3523	1077				
426.088287	3524	1050				
426.193818	3635	1031				
426.299348	3682	1128				
426.404879	3808	1115				
426.510409	3805	1145				
426.615939	3843	1134				
426.721469	3955	1174				
426.826998	3968	1183				
426.932528	4045	1179				
427.038057	4154	1186				
427.143586	4155	1240				
427.249115	4197	1236				
427.354644	4274	1270				
427.460173	4306	1267				
427.565702	4374	1333				
427.67123	4497	1313				
427.776758	4541	1316				
427.882286	4515	1310				
427.987814	4674	1359				
428.093342	4810	1384				
428.19887	4782	1435				
428.304397	4977	1378				
428.409925	4917	1427				
428.515452	4983	1443				
428.620979	5149	1476				
428.726506	5148	1483				
428.832032	5231	1511				
428.937559	5306	1557				
429.043085	5427	1585				
429.148612	5268	1505				
429.254138	5493	1598				
429.359664	5636	1594				
429.465189	5626	1606				
429.570715	5655	1625				
429.67624	5790	1651				
429.781766	5838	1734				
429.887291	6062	1722				
429.992816	6004	1696				
430.09834	5974	1767				
430.203865	6081	1748				
430.30939	6171	1786				
430.414914	6296	1833				
430.520438	6307	1844				
430.625962	6490	1874				
430.731486	6507	1889				
430.83701	6520	1849				
430.942533	6732	1829				
431.048057	6729	1873				
431.15358	6698	1909				
431.259103	6862	1896				
431.364626	6893	1958				
431.470149	7019	1950				
431.575671	6996	1987				
431.681194	7114	2028				
431.786716	7184	2014				
431.892238	7322	2127				
431.99776	7401	2080				
432.103282	7467	2106				
432.208804	7463	2116				
432.314325	7568	2095				
432.419846	7738	2155				
432.525368	7792	2174				
432.630889	7804	2166				
432.73641	7862	2205				
432.84193	7994	2245				
432.947451	8199	2218				
433.052971	8235	2242				
433.158491	8336	2279				
433.264011	8219	2347				
433.369531	8339	2333				
433.475051	8487	2336				
433.580571	8557	2275				
433.68609	8722	2407				
433.79161	8775	2349				
433.897129	8847	2334				
434.002648	8843	2459				
434.108166	8955	2512				
434.213685	8872	2590				
434.319204	8879	2467				
434.424722	8989	2447				
434.53024	9121	2450				
434.635758	9329	2570				
434.741276	9263	2562				
434.846794	9256	2571				
434.952311	9408	2602				
435.057829	9531	2615				
435.163346	9498	2580				
435.268863	9716	2652				
435.37438	9564	2662				
435.479897	9630	2701				
435.585413	9913	2719				
435.69093	9943	2686				
435.796446	9829	2708				
435.901962	10043	2797				
436.007478	10130	2738				
436.112994	10097	2705				
436.218509	10285	2843				
436.324025	10242	2810				
436.42954	10308	2789				
436.535055	10589	2794				
436.64057	10480	2914				
436.746085	10608	2871				
436.8516	10527	2871				
436.957114	10566	2894				
437.062629	10603	2931				
437.168143	10806	2852				
437.273657	10735	2952				
437.379171	10807	3067				
437.484685	10853	2938				
437.590198	10998	2950				
437.695711	10864	2954				
437.801225	11036	2982				
437.906738	11076	3112				
438.012251	11105	3032				
438.117764	11177	3031				
438.223276	11197	3082				
438.328789	11261	2984				
438.434301	11278	3097				
438.539813	11375	3170				
438.645325	11379	3147				
438.750837	11648	3121				
438.856348	11436	3057				
438.96186	11668	3179				
439.067371	11769	3124				
439.172882	11493	3135				
439.278393	11648	3244				
439.383904	11735	3143				
439.489415	11808	3151				
439.594926	11941	3166				
439.700436	12025	3333				
439.805946	11890	3227				
439.911456	12103	3147				
440.016966	12169	3255				
440.122476	12103	3309				
440.227985	12042	3219				
440.333495	12136	3283				
440.439004	12187	3220				
440.544513	12249	3305				
440.650022	12244	3301				
440.755531	12299	3340				
440.86104	12434	3343				
440.966548	12251	3318				
441.072056	12325	3314				
441.177564	12420	3388				
441.283072	12460	3417				
441.38858	12573	3411				
441.494088	12572	3505				
441.599595	12655	3344				
441.705103	12644	3390				
441.81061	12700	3353				
441.916117	12502	3433				
442.021624	12754	3461				
442.12713	12767	3522				
442.232637	12761	3498				
442.338143	12917	3451				
442.44365	12870	3490				
442.549156	12754	3462				
442.654661	12775	3467				
442.760167	12880	3459				
442.865673	12944	3472				
442.971178	12961	3463				
443.076683	12969	3472				
443.182188	12952	3523				
443.287693	12949	3462				
443.393198	13004	3555				
443.498703	12950	3578				
443.604207	13141	3594				
443.709712	13058	3541				
443.815216	13186	3561				
443.92072	13050	3584				
444.026223	13022	3578				
444.131727	13347	3489				
444.237231	13269	3549				
444.342734	13152	3649				
444.448237	13292	3600				
444.55374	13432	3560				
444.659243	13293	3683				
444.764745	13328	3703				
444.870248	13471	3554				
444.97575	13493	3704				
445.081253	13365	3568				
445.186755	13503	3644				
445.292256	13599	3659				
445.397758	13533	3709				
445.50326	13417	3653				
445.608761	13486	3681				
445.714262	13671	3527				
445.819763	13709	3666				
445.925264	13750	3734				
446.030765	13605	3720				
446.136266	13663	3573				
446.241766	13585	3587				
446.347266	13737	3739				
446.452766	13562	3616				
446.558266	13667	3612				
446.663766	13641	3751				
446.769266	13692	3745				
446.874765	13680	3652				
446.980264	13799	3691				
447.085763	13819	3730				
447.191262	13849	3699				
447.296761	13796	3713				
447.40226	13680	3650				
447.507758	13807	3759				
447.613257	13860	3748				
447.718755	13624	3693				
447.824253	13761	3713				
447.929751	13841	3690				
448.035248	13895	3699				
448.140746	13814	3708				
448.246243	13716	3778				
448.35174	13907	3728				
448.457237	13928	3761				
448.562734	14003	3790				
448.668231	14060	3804				
448.773727	13966	3716				
448.879224	14176	3849				
448.98472	14058	3822				
449.090216	14012	3855				
449.195712	14174	3838				
449.301208	13981	3804				
449.406703	13969	3815				
449.512199	14132	3788				
449.617694	14146	3862				
449.723189	14172	3814				
449.828684	14143	3799				
449.934178	14506	3906				
450.039673	14277	3863				
450.145167	14082	3842				
450.250662	14350	3830				
450.356156	14203	3917				
450.46165	14353	3857				
450.567144	14076	3939				
450.672637	14334	3854				
450.778131	14330	3920				
450.883624	14353	3880				
450.989117	14290	3939				
451.09461	14400	3917				
451.200103	14397	3929				
451.305595	14448	3813				
451.411088	14480	3937				
451.51658	14464	3987				
451.622072	14483	3926				
451.727564	14419	3915				
451.833056	14500	3833				
451.938548	14357	3986				
452.044039	14367	3888				
452.149531	14404	3884				
452.255022	14347	4001				
452.360513	14462	3977				
452.466004	14327	3922				
452.571494	14709	3937				
452.676985	14478	4010				
452.782475	14541	3919				
452.887965	14609	3980				
452.993455	14658	3983				
453.098945	14544	4007				
453.204435	14618	3972				
453.309924	14640	3964				
453.415414	14637	3973				
453.520903	14487	3981				
453.626392	14525	4023				
453.731881	14690	3983				
453.83737	14829	4032				
453.942858	14614	4018				
454.048347	14702	4041				
454.153835	14726	4047				
454.259323	14824	4061				
454.364811	14809	4024				
454.470298	14753	4084				
454.575786	14787	4048				
454.681273	15156	4005				
454.786761	14843	4047				
454.892248	14769	4045				
454.997735	14798	4005				
455.103221	14897	4055				
455.208708	14820	4150				
455.314194	14785	4098				
455.419681	15026	4134				
455.525167	15014	4108				
455.630653	14918	4148				
455.736139	14828	4246				
455.841624	15051	4121				
455.94711	15050	4173				
456.052595	14911	4035				
456.15808	15066	4137				
456.263565	15083	4156				
456.36905	15196	4165				
456.474534	15140	4116				
456.580019	15119	4154				
456.685503	15169	4127				
456.790987	15445	4106				
456.896471	15099	4173				
457.001955	15206	4087				
457.107439	15138	4165				
457.212922	15192	4227				
457.318405	15423	4163				
457.423889	15246	4237				
457.529372	15448	4218				
457.634854	15461	4252				
457.740337	15231	4186				
457.84582	15337	4227				
457.951302	15541	4136				
458.056784	15330	4228				
458.162266	15304	4166				
458.267748	15349	4258				
458.373229	15163	4266				
458.478711	15343	4243				
458.584192	15249	4221				
458.689673	15543	4269				
458.795155	15402	4237				
458.900635	15434	4344				
459.006116	15607	4280				
459.111597	15626	4371				
459.217077	15471	4355				
459.322557	15595	4384				
459.428037	15712	4315				
459.533517	15725	4326				
459.638997	15742	4411				
459.744476	15778	4354				
459.849956	15747	4271				
459.955435	15627	4385				
460.060914	15842	4387				
460.166393	15623	4290				
460.271871	15683	4447				
460.37735	15765	4368				
460.482828	15762	4419				
460.588306	15747	4248				
460.693784	15923	4321				
460.799262	15878	4492				
460.90474	15958	4418				
461.010218	15906	4404				
461.115695	15826	4455				
461.221172	15905	4511				
461.326649	15843	4446				
461.432126	16006	4367				
461.537603	15806	4389				
461.643079	15903	4401				
461.748556	15716	4472				
461.854032	15989	4493				
461.959508	15906	4454				
462.064984	15831	4459				
462.17046	15877	4342				
462.275935	15912	4471				
462.381411	15780	4368				
462.486886	16054	4444				
462.592361	15982	4534				
462.697836	15968	4537				
462.80331	16009	4479				
462.908785	15997	4513				
463.014259	16063	4415				
463.119734	15796	4448				
463.225208	16085	4547				
463.330682	16084	4456				
463.436155	15978	4612				
463.541629	16109	4467				
463.647102	15961	4567				
463.752576	16268	4501				
463.858049	16114	4361				
463.963522	16142	4494				
464.068994	16014	4502				
464.174467	15922	4562				
464.279939	16028	4471				
464.385412	16030	4570				
464.490884	16011	4423				
464.596356	16114	4506				
464.701827	16135	4469				
464.807299	16145	4473				
464.91277	16059	4512				
465.018241	16103	4479				
465.123713	16197	4497				
465.229183	16172	4453				
465.334654	16303	4460				
465.440125	16133	4493				
465.545595	15846	4545				
465.651065	16018	4546				
465.756536	16232	4486				
465.862005	16154	4516				
465.967475	16207	4598				
466.072945	16031	4594				
466.178414	16134	4474				
466.283883	16169	4548				
466.389353	16125	4616				
466.494821	16112	4493				
466.60029	16180	4523				
466.705759	15981	4490				
466.811227	16120	4522				
466.916695	16080	4417				
467.022164	16023	4557				
467.127631	16027	4648				
467.233099	16030	4521				
467.338567	16256	4547				
467.444034	16246	4472				
467.549501	16098	4523				
467.654968	15998	4562				
467.760435	16009	4436				
467.865902	16195	4626				
467.971369	16154	4564				
468.076835	16057	4493				
468.182301	16094	4581				
468.287767	16053	4546				
468.393233	16222	4480				
468.498699	16370	4523				
468.604165	16217	4594				
468.70963	16056	4442				
468.815095	16204	4609				
468.92056	16053	4610				
469.026025	16131	4551				
469.13149	16085	4563				
469.236955	16210	4538				
469.342419	16039	4574				
469.447883	16031	4528				
469.553347	16211	4581				
469.658811	15968	4544				
469.764275	16054	4639				
469.869739	16098	4621				
469.975202	16065	4527				
470.080665	16073	4502				
470.186128	15947	4595				
470.291591	16040	4529				
470.397054	15995	4632				
470.502516	16134	4584				
470.607979	15975	4607				
470.713441	16177	4556				
470.818903	16090	4571				
470.924365	16116	4573				
471.029827	16049	4579				
471.135288	16003	4588				
471.24075	16094	4534				
471.346211	15923	4564				
471.451672	15763	4463				
471.557133	15874	4591				
471.662594	15891	4523				
471.768054	16030	4630				
471.873515	15853	4590				
471.978975	15931	4594				
472.084435	16047	4555				
472.189895	16007	4552				
472.295354	15926	4536				
472.400814	15929	4592				
472.506273	15996	4503				
472.611733	15996	4551				
472.717192	16010	4541				
472.82265	15867	4537				
472.928109	15814	4485				
473.033568	15930	4483				
473.139026	15708	4581				
473.244484	15841	4470				
473.349942	15685	4559				
473.4554	15787	4582				
473.560858	15712	4420				
473.666315	15717	4492				
473.771773	15695	4535				
473.87723	15825	4492				
473.982687	15601	4413				
474.088144	15748	4499				
474.1936	15678	4528				
474.299057	15732	4546				
474.404513	15793	4520				
474.509969	15677	4552				
474.615425	15799	4525				
474.720881	15590	4468				
474.826337	15575	4495				
474.931792	15532	4671				
475.037248	15790	4622				
475.142703	15587	4478				
475.248158	15631	4495				
475.353613	15659	4496				
475.459067	15650	4435				
475.564522	15752	4504				
475.669976	15626	4468				
475.77543	15487	4605				
475.880884	15631	4496				
475.986338	15595	4409				
476.091792	15571	4470				
476.197245	15446	4450				
476.302699	15340	4409				
476.408152	15691	4425				
476.513605	15499	4479				
476.619057	15487	4456				
476.72451	15481	4429				
476.829963	15287	4424				
476.935415	15393	4398				
477.040867	15476	4415				
477.146319	15317	4456				
477.251771	15406	4468				
477.357222	15320	4463				
477.462674	15134	4396				
477.568125	15246	4481				
477.673576	15019	4471				
477.779027	15282	4358				
477.884478	15354	4477				
477.989928	15263	4443				
478.095379	15147	4473				
478.200829	15162	4432				
478.306279	15057	4356				
478.411729	15144	4489				
478.517179	15088	4446				
478.622628	15368	4430				
478.728078	15195	4355				
478.833527	15336	4390				
478.938976	15216	4446				
479.044425	15069	4379				
479.149874	15173	4477				
479.255322	15046	4463				
479.360771	15111	4318				
479.466219	15173	4488				
479.571667	14946	4500				
479.677115	15035	4354				
479.782563	15078	4392				
479.88801	14909	4362				
479.993457	14882	4307				
480.098905	15091	4317				
480.204352	14907	4286				
480.309799	14918	4385				
480.415245	15033	4258				
480.520692	14833	4369				
480.626138	15004	4397				
480.731584	14961	4310				
480.83703	14769	4349				
480.942476	15123	4449				
481.047922	14902	4284				
481.153367	14847	4394				
481.258813	15061	4318				
481.364258	14974	4428				
481.469703	14860	4331				
481.575148	14789	4295				
481.680592	14783	4399				
481.786037	14840	4287				
481.891481	14664	4238				
481.996925	14787	4254				
482.102369	14721	4293				
482.207813	14592	4188				
482.313257	14567	4250				
482.4187	14683	4294				
482.524143	14648	4276				
482.629586	14553	4332				
482.735029	14533	4354				
482.840472	14547	4176				
482.945915	14805	4407				
483.051357	14449	4202				
483.156799	14519	4243				
483.262241	14583	4289				
483.367683	14382	4223				
483.473125	14399	4196				
483.578567	14605	4188				
483.684008	14612	4260				
483.789449	14538	4239				
483.89489	14295	4242				
484.000331	14530	4200				
484.105772	14455	4223				
484.211213	14276	4287				
484.316653	14377	4265				
484.422093	14407	4332				
484.527533	14388	4261				
484.632973	14486	4253				
484.738413	14378	4176				
484.843852	14365	4199				
484.949292	14432	4196.5				
485.054731	14499	4194				
485.16017	14364	4240				
485.265609	14327	4215				
485.371047	14433	4190				
485.476486	14323	4158				
485.581924	14272	4184				
485.687362	14389	4281				
485.7928	14407	4211				
485.898238	14267	4208				
486.003676	14346	4175				
486.109113	14421	4178				
486.21455	14260	4237				
486.319987	14229	4217				
486.425424	14388	4179				
486.530861	14225	4167				
486.636298	14341	4225				
486.741734	14199	4194				
486.84717	14157	4228				
486.952607	14324	4211				
487.058042	14173	4203				
487.163478	14370	4271				
487.268914	14288	4205				
487.374349	14318	4203				
487.479784	14038	4200				
487.585219	14311	4197				
487.690654	14366	4267				
487.796089	14109	4092				
487.901524	14280	4088				
488.006958	14069	4119				
488.112392	13981	4059				
488.217826	14238	4197				
488.32326	14195	4225				
488.428694	14130	4271				
488.534127	14053	4143				
488.639561	14078	4155				
488.744994	14110	4093				
488.850427	13957	4110				
488.95586	13946	4080				
489.061292	13934	4078				
489.166725	13887	4127				
489.272157	13987	4189				
489.377589	14105	4183				
489.483021	13884	4241				
489.588453	14163	4134				
489.693885	13807	4120				
489.799316	13693	4171				
489.904747	14203	4082				
490.010178	13989	4056				
490.115609	13825	4188				
490.22104	13963	4079				
490.326471	14127	4195				
490.431901	13908	4076				
490.537331	13902	4090				
490.642761	13804	4125				
490.748191	13913	4217				
490.853621	13709	4024				
490.95905	13723.5	4056				
491.06448	13738	4088				
491.169909	13936	4150				
491.275338	13728	4056				
491.380767	13825	4036				
491.486196	13680	4085				
491.591624	13861	4181				
491.697052	13820	3983				
491.802481	13748	4127				
491.907908	13783	4101				
492.013336	13922	4100				
492.118764	13811	4106				
492.224191	13947	4030				
492.329619	13873	4062				
492.435046	13665	4186				
492.540473	13655	4114				
492.6459	13597	4193				
492.751326	13723	4063				
492.856753	13796	4040				
492.962179	13697	4147				
493.067605	13653	4093				
493.173031	13871	4038				
493.278457	13645	4063				
493.383882	13690	4099				
493.489307	13608	4074				
493.594733	13647	4064				
493.700158	13653	4059				
493.805583	13506	4033				
493.911007	13567	4013				
494.016432	13627	4100				
494.121856	13781	4057				
494.22728	13665	4079				
494.332704	13706	4075				
494.438128	13473	4036				
494.543552	13552	4108				
494.648975	13699	4087				
494.754399	13616	4025				
494.859822	13791	4010				
494.965245	13588	4052				
495.070667	13588	3910				
495.17609	13417	4020				
495.281513	13489	4072				
495.386935	13491	4069				
495.492357	13467	4095				
495.597779	13612	4002				
495.703201	13405	4033				
495.808622	13452	4044				
495.914043	13435	3993				
496.019465	13493	4017				
496.124886	13535	4108				
496.230307	13521	3945				
496.335727	13427	4039				
496.441148	13323	4004				
496.546568	13345	4035				
496.651988	13306	4036				
496.757408	13434	4002				
496.862828	13497	4026				
496.968248	13263	4071				
497.073667	13448	4003				
497.179087	13203	3986				
497.284506	13274	3991				
497.389925	13268	4049				
497.495343	13302	3981				
497.600762	13435	4011				
497.70618	13225	4029				
497.811599	13320	3959				
497.917017	13217	4055				
498.022435	13273	3926				
498.127852	13286	4011				
498.23327	13222	3989				
498.338687	13275	3982				
498.444105	13297	3998				
498.549522	13199	3962				
498.654938	13164	4069				
498.760355	13199	4006				
498.865772	13160	3984				
498.971188	13217	3944				
499.076604	13392	4006				
499.18202	13107	3809				
499.287436	12955	4020				
499.392852	13125	3947				
499.498267	13033	3923				
499.603682	12981	3868				
499.709097	13029	3914				
499.814512	13086	3961				
499.919927	13044	3899				
500.025342	12956	4021				
500.130756	12972	3951				
500.23617	13093	3956				
500.341584	12998	4020				
500.446998	13110	3970				
500.552412	12837	3949				
500.657825	13232	3980				
500.763239	13005	3947				
500.868652	12827	3901				
500.974065	12967	3879				
501.079478	13089	3996				
501.184891	13073	3945				
501.290303	13010	3870				
501.395715	12907	3873				
501.501127	12931	4002				
501.606539	12900	3955				
501.711951	12961	3834				
501.817363	12977	4010				
501.922774	12901	3893				
502.028185	12765	3840				
502.133596	13033	3857				
502.239007	12785	3834				
502.344418	12756	3932				
502.449829	12918	3876				
502.555239	12865	3931				
502.660649	12798	3918				
502.766059	12795	3895				
502.871469	12789	3810				
502.976879	12807	3902				
503.082288	12657	3903				
503.187698	12754	3844				
503.293107	12729	3801				
503.398516	12666	3912				
503.503924	12748	3895				
503.609333	12475	4012				
503.714742	12725	3808				
503.82015	12737	3837				
503.925558	12585	3842				
504.030966	12641	3820				
504.136374	12586	3841				
504.241781	12606	3831				
504.347188	12498	3745				
504.452596	12657	3821				
504.558003	12528	3808				
504.66341	12408	3787				
504.768816	12603	3700				
504.874223	12667	3823				
504.979629	12423	3878				
505.085035	12398	3840				
505.190441	12375	3775				
505.295847	12567	3903				
505.401253	12540	3818				
505.506658	12435	3821				
505.612063	12573	3749				
505.717468	12534	3754				
505.822873	12339	3734				
505.928278	12451	3827				
506.033683	12420	3803				
506.139087	12438	3783				
506.244491	12381	3764				
506.349895	12438	3782				
506.455299	12332	3769				
506.560703	12193	3726				
506.666106	12237	3768				
506.77151	12324	3751				
506.876913	12186	3647				
506.982316	12190	3692				
507.087718	12201	3603				
507.193121	12147	3804				
507.298523	12088	3806				
507.403926	12240	3695				
507.509328	12181	3758				
507.61473	12136	3743				
507.720131	12216	3659				
507.825533	12271	3726				
507.930934	12003	3748				
508.036336	12083	3652				
508.141737	12177	3757				
508.247137	12140	3637				
508.352538	12230	3612				
508.457939	11916	3640				
508.563339	12039	3600				
508.668739	12012	3698				
508.774139	11876	3651				
508.879539	12017	3679				
508.984938	11921	3612				
509.090338	11893	3625				
509.195737	11966	3619				
509.301136	11826	3601				
509.406535	11859	3581				
509.511934	11876	3660				
509.617332	11829	3612				
509.722731	11769	3583				
509.828129	11672	3598				
509.933527	11779	3565				
510.038925	11807	3630				
510.144322	11749	3563				
510.24972	11539	3536				
510.355117	11774	3484				
510.460514	11716	3564				
510.565911	11665	3510				
510.671308	11757	3566				
510.776704	11641	3602				
510.882101	11496	3614				
510.987497	11651	3538				
511.092893	11672	3529				
511.198289	11645	3486				
511.303685	11380	3475				
511.40908	11511	3542				
511.514476	11523	3472				
511.619871	11440	3506				
511.725266	11437	3476				
511.830661	11535	3511				
511.936055	11297	3649				
512.04145	11476	3498				
512.146844	11423	3467				
512.252238	11389	3430				
512.357632	11258	3530				
512.463026	11181	3342				
512.568419	11412	3510				
512.673813	11403	3483				
512.779206	11280	3540				
512.884599	11350	3397				
512.989992	11384	3411				
513.095384	11375	3424				
513.200777	11215	3573				
513.306169	11307	3550				
513.411561	11281	3535				
513.516953	11148	3377				
513.622345	11220	3580				
513.727737	11194	3460				
513.833128	11203	3417				
513.938519	11095	3413				
514.04391	11209	3417				
514.149301	11196	3424				
514.254692	11062	3436				
514.360082	11076	3380				
514.465473	11087	3427				
514.570863	11093	3321				
514.676253	11126	3405				
514.781643	11098	3419				
514.887032	11142	3402				
514.992422	10987	3443				
515.097811	10984	3439				
515.2032	11088	3409				
515.308589	11125	3393				
515.413978	10998	3389				
515.519366	10919	3276				
515.624755	10932	3280				
515.730143	10866	3318				
515.835531	11051	3359				
515.940919	10918	3364				
516.046306	10956	3382				
516.151694	10854	3306				
516.257081	10830	3362				
516.362468	10872	3332				
516.467855	10734	3341				
516.573242	10636	3392				
516.678629	10692	3364				
516.784015	10723	3241				
516.889401	10939	3319				
516.994787	10796	3399				
517.100173	10971	3310				
517.205559	10865	3334				
517.310944	10506	3298				
517.41633	10650	3223				
517.521715	10629	3282				
517.6271	10739	3175				
517.732485	10737	3307				
517.837869	10675	3237				
517.943254	10711	3238				
518.048638	10607	3278				
518.154022	10622	3326				
518.259406	10547	3227				
518.36479	10606	3250				
518.470173	10458	3218				
518.575556	10338	3243				
518.68094	10415	3226				
518.786323	10547	3176				
518.891705	10342	3127				
518.997088	10239	3141				
519.102471	10245	3161				
519.207853	10201	3028				
519.313235	10116	3191				
519.418617	10212	3032				
519.523999	10171	3090				
519.62938	10144	3010				
519.734761	10279	3166				
519.840143	10032	3163				
519.945524	10123	3186				
520.050905	10255	3189				
520.156285	10223	3224				
520.261666	10206	3061				
520.367046	10270	3166				
520.472426	10143	3167				
520.577806	10225	3134				
520.683186	10179	3165				
520.788565	10070	3129				
520.893945	10102	3147				
520.999324	10128	3038				
521.104703	10041	3078				
521.210082	10075	3134				
521.31546	10157	3010				
521.420839	10000	3161				
521.526217	9960	3038				
521.631595	10039	3092				
521.736973	9963	3118				
521.842351	9947	2986				
521.947729	9990	3009				
522.053106	9894	3025				
522.158483	9809	3091				
522.26386	9836	3060				
522.369237	10027	3061				
522.474614	9806	3069				
522.57999	9770	3029				
522.685367	9883	3152				
522.790743	9828	3088				
522.896119	9917	3004				
523.001495	9810	3074				
523.10687	9850	3045				
523.212246	9839	3072				
523.317621	9826	3095				
523.422996	9586	2994				
523.528371	9649	2992				
523.633745	9681	3069				
523.73912	9797	2987				
523.844494	9769	3038				
523.949868	9671	2966				
524.055242	9647	2988				
524.160616	9674	3002				
524.26599	9769	3029				
524.371363	9697	2965				
524.476737	9534	3057				
524.58211	9698	2956				
524.687482	9586	2839				
524.792855	9741	2998				
524.898228	9511	2995				
525.0036	9551	2926				
525.108972	9633	2957				
525.214344	9494	2920				
525.319716	9493	2975				
525.425088	9375	2923				
525.530459	9489	2937				
525.63583	9415	2951				
525.741201	9467	2879				
525.846572	9318	2930				
525.951943	9449	2890				
526.057313	9351	2921				
526.162684	9301	2930				
526.268054	9403	2895				
526.373424	9354	2863				
526.478794	9328	2926				
526.584163	9222	2832				
526.689533	9241	2845				
526.794902	9278	2814				
526.900271	9182	2874				
527.00564	9238	2782				
527.111009	9190	2943				
527.216377	9195	2777				
527.321745	9280	2865				
527.427114	9292	2845				
527.532482	9164	2825				
527.637849	9125	2851				
527.743217	9173	2792				
527.848584	9307	2851				
527.953952	9216	2808				
528.059319	9138	2909				
528.164686	9106	2819				
528.270052	8944	2726				
528.375419	9123	2769				
528.480785	9111	2767				
528.586151	9042	2798				
528.691517	9046	2789				
528.796883	8963	2799				
528.902249	9107	2880				
529.007614	8925	2711				
529.112979	9011	2862				
529.218344	8906	2820				
529.323709	8892	2782				
529.429074	8851	2821				
529.534439	8918	2777				
529.639803	8906	2789				
529.745167	8823	2842				
529.850531	8752	2759				
529.955895	8899	2791				
530.061258	8841	2771				
530.166622	8827	2791				
530.271985	8754	2701				
530.377348	8724	2714				
530.482711	8794	2753				
530.588074	8755	2729				
530.693436	8716	2798				
530.798798	8755	2727				
530.904161	8703	2698				
531.009522	8675	2709				
531.114884	8693	2727				
531.220246	8829	2676				
531.325607	8649	2668				
531.430968	8582	2636				
531.53633	8691	2783				
531.64169	8665	2674				
531.747051	8591	2682				
531.852412	8751	2627				
531.957772	8522	2658				
532.063132	8557	2646				
532.168492	8566	2632				
532.273852	8435	2688				
532.379211	8569	2612				
532.484571	8403	2635				
532.58993	8523	2595				
532.695289	8476	2635				
532.800648	8518	2590				
532.906006	8516	2649				
533.011365	8466	2716				
533.116723	8586	2678				
533.222081	8422	2631				
533.327439	8488	2593				
533.432797	8493	2647				
533.538154	8440	2610				
533.643512	8629	2623				
533.748869	8383	2677				
533.854226	8499	2643				
533.959583	8404	2580				
534.064939	8391	2620				
534.170296	8274	2586				
534.275652	8389	2559				
534.381008	8290	2631				
534.486364	8344	2632				
534.59172	8189	2592				
534.697075	8343	2543				
534.802431	8302	2592				
534.907786	8177	2553				
535.013141	8274	2519				
535.118496	8265	2575				
535.22385	8191	2478				
535.329205	8183	2531				
535.434559	8286	2554				
535.539913	8185	2601				
535.645267	8246	2529				
535.750621	8218	2611				
535.855974	8209	2554				
535.961327	8234	2508				
536.066681	8131	2508				
536.172034	8123	2448				
536.277386	8197	2557				
536.382739	8116	2537				
536.488091	8199	2569				
536.593444	8108	2561				
536.698796	8046	2434				
536.804147	8159	2493				
536.909499	8058	2466				
537.014851	8100	2559				
537.120202	7879	2524				
537.225553	8072	2503				
537.330904	7969	2505				
537.436255	7896	2493				
537.541605	8023	2438				
537.646956	7957	2446				
537.752306	7841	2399				
537.857656	8009	2460				
537.963006	7930	2466				
538.068355	7774	2501				
538.173705	7750	2463				
538.279054	7899	2405				
538.384403	7778	2437				
538.489752	7737	2453				
538.595101	7911	2451				
538.700449	7864	2429				
538.805798	7836	2429				
538.911146	7824	2395				
539.016494	7908	2445				
539.121842	7866	2396				
539.227189	7907	2483				
539.332537	7658	2418				
539.437884	7754	2408				
539.543231	7776	2351				
539.648578	7717	2452				
539.753924	7684	2390				
539.859271	7649	2431				
539.964617	7696	2355				
540.069963	7688	2412				
540.175309	7645	2328				
540.280655	7563	2360				
540.386001	7543	2418				
540.491346	7602	2374				
540.596691	7518	2384				
540.702036	7521	2357				
540.807381	7522	2378				
540.912726	7600	2392				
541.01807	7574	2415				
541.123414	7575	2381				
541.228758	7325	2306				
541.334102	7543	2405				
541.439446	7432	2329				
541.54479	7487	2365				
541.650133	7474	2319				
541.755476	7551	2311				
541.860819	7373	2301				
541.966162	7477	2320				
542.071504	7412	2348				
542.176847	7486	2333				
542.282189	7450	2371				
542.387531	7385	2309				
542.492873	7439	2289				
542.598215	7344	2293				
542.703556	7351	2313				
542.808897	7471	2303				
542.914239	7366	2287				
543.019579	7408	2262				
543.12492	7412	2289				
543.230261	7254	2319				
543.335601	7278	2253				
543.440941	7248	2270				
543.546281	7129	2346				
543.651621	7265	2222				
543.756961	7352	2284				
543.8623	7165	2275				
543.967639	7279	2316				
544.072978	7224	2294				
544.178317	7245	2262				
544.283656	7264	2227				
544.388995	7256	2257				
544.494333	7179	2310				
544.599671	7200	2313				
544.705009	7191	2213				
544.810347	7149	2239				
544.915684	7355	2260				
545.021022	7134	2254				
545.126359	7187	2162				
545.231696	7024	2138				
545.337033	7108	2224				
545.442369	7083	2204				
545.547706	7099	2186				
545.653042	6946	2248				
545.758378	6985	2144				
545.863714	7101	2185				
545.96905	6952	2244				
546.074385	7071	2127				
546.179721	6988	2177				
546.285056	6962	2127				
546.390391	7056	2179				
546.495726	7075	2232				
546.60106	7091	2214				
546.706395	7077	2125				
546.811729	7046	2173				
546.917063	6956	2213				
547.022397	7029	2112				
547.12773	7024	2184				
547.233064	7102	2208				
547.338397	6787	2141				
547.44373	6889	2138				
547.549063	6864	2212				
547.654396	6921	2116				
547.759728	6827	2143				
547.865061	6862	2053				
547.970393	6708	2120				
548.075725	6837	2160				
548.181057	6862	2139				
548.286388	6762	2136				
548.39172	6839	2121				
548.497051	6773	2099				
548.602382	6704	2171				
548.707713	6724	2138				
548.813043	6728	2074				
548.918374	6698	2119				
549.023704	6644	2117				
549.129034	6674	2049				
549.234364	6639	2141				
549.339694	6687	2127				
549.445023	6779	2037				
549.550353	6738	2114				
549.655682	6648	2140				
549.761011	6631	2059				
549.86634	6655	2104				
549.971668	6726	2068				
550.076997	6472	2023				
550.182325	6621	2079				
550.287653	6636	2058				
550.392981	6545	1977				
550.498308	6624	1984				
550.603636	6481	2093				
550.708963	6569	2042				
550.81429	6538	2116				
550.919617	6451	2025				
551.024944	6499	2079				
551.13027	6433	2081				
551.235597	6496	1994				
551.340923	6552	2084				
551.446249	6464	1994				
551.551575	6381	2016				
551.6569	6303	2014				
551.762226	6356	2008				
551.867551	6350	2044				
551.972876	6410	2060				
552.078201	6407	1964				
552.183525	6355	2049				
552.28885	6456	2004				
552.394174	6271	1977				
552.499498	6395	1951				
552.604822	6389	1913				
552.710146	6349	1935				
552.815469	6363	1976				
552.920793	6300	1954				
553.026116	6260	1953				
553.131439	6269	1995				
553.236761	6330	2013				
553.342084	6217	1968				
553.447406	6271	2034				
553.552729	6292	1963				
553.658051	6252	1969				
553.763372	6198	1943				
553.868694	6166	1955				
553.974015	6179	1980				
554.079337	6260	1913				
554.184658	6073	1927				
554.289979	6220	1977				
554.395299	6149	1961				
554.50062	6210	1975				
554.60594	6140	1912				
554.71126	6310	1915				
554.81658	6138	1935				
554.9219	6047	1944				
555.027219	6040	1914				
555.132539	6257	1871				
555.237858	6083	1860				
555.343177	6096	1961				
555.448496	6040	1969				
555.553814	6088	1945				
555.659133	6008	1899				
555.764451	6024	1882				
555.869769	6071	1881				
555.975087	5911	1869				
556.080405	6048	1906				
556.185722	5912	1922				
556.291039	5962	1871				
556.396356	5981	1902				
556.501673	5934	1878				
556.60699	5866	1873				
556.712307	5938	1855				
556.817623	5924	1914				
556.922939	6026	1880				
557.028255	5819	1862				
557.133571	5902	1824				
557.238886	5834	1860				
557.344202	5896	1778				
557.449517	5774	1821				
557.554832	5736	1890				
557.660147	5872	1788				
557.765461	5843	1810				
557.870776	5786	1778				
557.97609	5875	1844				
558.081404	5833	1799				
558.186718	5787	1759				
558.292032	5672	1813				
558.397345	5775	1826				
558.502659	5801	1807				
558.607972	5813	1850				
558.713285	5798	1772				
558.818597	5754	1848				
558.92391	5727	1795				
559.029222	5680	1780				
559.134534	5675	1787				
559.239846	5689	1788				
559.345158	5685	1819				
559.45047	5620	1775				
559.555781	5650	1781				
559.661092	5587	1795				
559.766403	5705	1782				
559.871714	5615	1776				
559.977025	5595	1850				
560.082335	5627	1743				
560.187646	5630	1724				
560.292956	5585	1694				
560.398266	5587	1768				
560.503575	5595	1726				
560.608885	5525	1688				
560.714194	5540	1690				
560.819503	5581	1725				
560.924812	5567	1717				
561.030121	5650	1747				
561.135429	5584	1684				
561.240738	5530	1674				
561.346046	5393	1775				
561.451354	5548	1721				
561.556662	5495	1721				
561.661969	5455	1704				
561.767277	5462	1680				
561.872584	5533	1734				
561.977891	5471	1680				
562.083198	5503	1697				
562.188504	5447	1663				
562.293811	5397	1676				
562.399117	5395	1754				
562.504423	5354	1625				
562.609729	5302	1743				
562.715035	5425	1706				
562.82034	5371	1692				
562.925646	5322	1702				
563.030951	5356	1700				
563.136256	5334	1661				
563.24156	5344	1669				
563.346865	5331	1696				
563.452169	5203	1699				
563.557473	5314	1619				
563.662777	5323	1673				
563.768081	5286	1575				
563.873385	5240	1609				
563.978688	5250	1628				
564.083991	5298	1615				
564.189294	5216	1662				
564.294597	5283	1651				
564.3999	5282	1665				
564.505202	5278	1686				
564.610504	5188	1571				
564.715806	5077	1639				
564.821108	5087	1621				
564.92641	5236	1646				
565.031711	5188	1606				
565.137013	5120	1629				
565.242314	5156	1565				
565.347615	5125	1572				
565.452915	5233	1618				
565.558216	5055	1589				
565.663516	5090	1556				
565.768816	5038	1594				
565.874116	5147	1568				
565.979416	5025	1618				
566.084716	5170	1574				
566.190015	5095	1584				
566.295314	5067	1584				
566.400613	5024	1524				
566.505912	5040	1604				
566.611211	5093	1533				
566.716509	5004	1579				
566.821807	4847	1576				
566.927105	4970	1568				
567.032403	5044	1558				
567.137701	4993	1607				
567.242998	4922	1616				
567.348296	5007	1597				
567.453593	4903	1529				
567.558889	4947	1491				
567.664186	4892	1469				
567.769483	4943	1579				
567.874779	4930	1505				
567.980075	4965	1520				
568.085371	4898	1536				
568.190667	4878	1572				
568.295962	4869	1554				
568.401258	4779	1514				
568.506553	4805	1479				
568.611848	4865	1538				
568.717142	4823	1550				
568.822437	4798	1498				
568.927731	4885	1545				
569.033026	4809	1511				
569.13832	4878	1556				
569.243613	4792	1492				
569.348907	4795	1452				
569.4542	4827	1494				
569.559494	4757	1458				
569.664787	4761	1549				
569.770079	4684	1511				
569.875372	4740	1523				
569.980665	4720	1502				
570.085957	4742	1457				
570.191249	4778	1579				
570.296541	4689	1492				
570.401832	4691	1491				
570.507124	4729	1500				
570.612415	4617	1453				
570.717706	4838	1480				
570.822997	4716	1453				
570.928288	4729	1428				
571.033578	4650	1460				
571.138869	4671	1504				
571.244159	4725	1477				
571.349449	4610	1481				
571.454739	4523	1461				
571.560028	4710	1450				
571.665317	4595	1462				
571.770607	4612	1476				
571.875896	4611	1441				
571.981184	4597	1471				
572.086473	4642	1458				
572.191761	4598	1438				
572.29705	4587	1434				
572.402338	4606	1434				
572.507625	4615	1429				
572.612913	4666	1409				
572.7182	4616	1422				
572.823488	4581	1404				
572.928775	4564	1400				
573.034062	4586	1355				
573.139348	4504	1446				
573.244635	4434	1427				
573.349921	4475	1420				
573.455207	4483	1422				
573.560493	4453	1357				
573.665779	4533	1379				
573.771064	4477	1377				
573.876349	4463	1362				
573.981634	4393	1487				
574.086919	4573	1355				
574.192204	4457	1412				
574.297489	4574	1425				
574.402773	4344	1450				
574.508057	4435	1376				
574.613341	4430	1365				
574.718625	4229	1397				
574.823908	4386	1388				
574.929192	4342	1347				
575.034475	4433	1333				
575.139758	4455	1369				
575.245041	4363	1379				
575.350323	4320	1359				
575.455606	4314	1351				
575.560888	4355	1342				
575.66617	4255	1343				
575.771452	4411	1302				
575.876733	4250	1367				
575.982015	4236	1354				
576.087296	4192	1354				
576.192577	4233	1315				
576.297858	4338	1340				
576.403138	4257	1321				
576.508419	4301	1315				
576.613699	4234	1350				
576.718979	4211	1384				
576.824259	4223	1430				
576.929539	4200	1348				
577.034818	4265	1339				
577.140097	4269	1316				
577.245376	4239	1321				
577.350655	4351	1305				
577.455934	4223	1350				
577.561213	4228	1276				
577.666491	4171	1306				
577.771769	4162	1309				
577.877047	4146	1302				
577.982325	4265	1351				
578.087602	4082	1351				
578.192879	4179	1307				
578.298157	4272	1350				
578.403434	4208	1239				
578.50871	4136	1298				
578.613987	4066	1267				
578.719263	4104	1320				
578.824539	4064	1283				
578.929815	4075	1270				
579.035091	4144	1268				
579.140367	4199	1306				
579.245642	4016	1264				
579.350917	3994	1271				
579.456192	4146	1255				
579.561467	4141	1237				
579.666742	4034	1299				
579.772016	4096	1264				
579.87729	4028	1301				
579.982564	4102	1255				
580.087838	4082	1321				
580.193112	4002	1270				
580.298385	4052	1207				
580.403658	4089	1290				
580.508931	4017	1263				
580.614204	3991	1267				
580.719477	3998	1265				
580.824749	3878	1226				
580.930022	3864	1197				
581.035294	3931	1185				
581.140566	3895	1206				
581.245837	3881	1177				
581.351109	3906	1183				
581.45638	3938	1230				
581.561651	3941	1231				
581.666922	3967	1239				
581.772193	3814	1214				
581.877463	3899	1241				
581.982733	3910	1218				
582.088003	3904	1234				
582.193273	3944	1171				
582.298543	3868	1244				
582.403813	3855	1226				
582.509082	4004	1212				
582.614351	3799	1180				
582.71962	3899	1192				
582.824889	3846	1177				
582.930157	3846	1176				
583.035426	3769	1198				
583.140694	3840	1177				
583.245962	3867	1222				
583.351229	3792	1199				
583.456497	3782	1226				
583.561764	3774	1145				
583.667032	3758	1227				
583.772299	3778	1178				
583.877565	3734	1144				
583.982832	3796	1177				
584.088098	3828	1193				
584.193364	3682	1213				
584.29863	3805	1197				
584.403896	3787	1199				
584.509162	3774	1175				
584.614427	3679	1205				
584.719692	3748	1166				
584.824957	3743	1169				
584.930222	3733	1150				
585.035487	3702	1178				
585.140751	3671	1175				
585.246015	3633	1116				
585.351279	3643	1184				
585.456543	3628	1119				
585.561807	3769	1197				
585.66707	3647	1151				
585.772334	3664	1152				
585.877597	3687	1189				
585.982859	3603	1151				
586.088122	3592	1148				
586.193385	3606	1129				
586.298647	3673	1155				
586.403909	3587	1164				
586.509171	3632	1127				
586.614432	3638	1173				
586.719694	3593	1126				
586.824955	3604	1104				
586.930216	3518	1121				
587.035477	3585	1139				
587.140738	3590	1089				
587.245998	3604	1128				
587.351258	3583	1096				
587.456519	3591	1161				
587.561778	3568	1111				
587.667038	3422	1126				
587.772298	3524	1115				
587.877557	3667	1127				
587.982816	3565	1089				
588.088075	3469	1058				
588.193334	3594	1115				
588.298592	3433	1132				
588.40385	3525	1136				
588.509108	3493	1108				
588.614366	3470	1089				
588.719624	3526	1099				
588.824882	3507	1095				
588.930139	3533	1064				
589.035396	3471	1119				
589.140653	3461	1058				
589.24591	3398	1046				
589.351166	3549	1088				
589.456423	3457	1070				
589.561679	3504	1057				
589.666935	3462	1064				
589.77219	3453	1056				
589.877446	3457	1070				
589.982701	3487	1101				
590.087956	3410	1086				
590.193211	3423	1059				
590.298466	3383	1086				
590.403721	3409	1091				
590.508975	3462	1057				
590.614229	3453	1090				
590.719483	3412	1084				
590.824737	3366	1059				
590.92999	3376	1037				
591.035244	3393	1087				
591.140497	3375	1089				
591.24575	3331	1047				
591.351003	3290	1043				
591.456255	3341	1087				
591.561508	3399	1081				
591.66676	3352	1047				
591.772012	3368	1043				
591.877264	3308	991				
591.982515	3235	1087				
592.087766	3272	1042				
592.193018	3371	1072				
592.298269	3230	1001				
592.403519	3374	1072				
592.50877	3302	1005				
592.61402	3283	1028				
592.719271	3280	1028				
592.824521	3258	1000				
592.92977	3256	1055				
593.03502	3295	1017				
593.140269	3238	1031				
593.245519	3260	1008				
593.350768	3237	975				
593.456016	3232	1042				
593.561265	3261	1034				
593.666513	3187	994				
593.771762	3136	1037				
593.87701	3233	979				
593.982257	3147	1007				
594.087505	3174	983				
594.192752	3190	991				
594.298	3206	981				
594.403247	3203	959				
594.508493	3179	966				
594.61374	3071	997				
594.718986	3114	1006				
594.824233	3152	1017				
594.929479	3225	980				
595.034724	3135	983				
595.13997	3182	935				
595.245215	3157	995				
595.350461	3134	940				
595.455706	3079	1010				
595.560951	3160	952				
595.666195	3176	947				
595.77144	3061	920				
595.876684	3093	937				
595.981928	3055	956				
596.087172	3144	946				
596.192415	3027	950				
596.297659	3080	941				
596.402902	3079	919				
596.508145	3043	958				
596.613388	3056	978				
596.71863	3131	954				
596.823873	3066	939				
596.929115	3066	963				
597.034357	3070	961				
597.139599	3095	1008				
597.244841	3093	927				
597.350082	3040	894				
597.455323	2973	935				
597.560564	3137	978				
597.665805	3061	949				
597.771046	2983	932				
597.876286	2981	921				
597.981526	2970	929				
598.086766	3001	926				
598.192006	2979	935				
598.297246	2980	888				
598.402485	2955	923				
598.507724	2985	922				
598.612964	2987	912				
598.718202	2946	897				
598.823441	2894	883				
598.928679	2955	873				
599.033918	2961	865				
599.139156	2931	857				
599.244393	2897	920				
599.349631	2896	913				
599.454869	2846	910				
599.560106	2951	868				
599.665343	2960	891				
599.77058	2982	926				
599.875816	2861	890				
599.981053	2852	917				
600.086289	2903	926				
600.191525	2938	913				
600.296761	2948	855				
600.401996	2918	913				
600.507232	2857	888				
600.612467	2843	884				
600.717702	2949	880				
600.822937	2872	836				
600.928172	2751	862				
601.033406	2777	911				
601.13864	2857	878				
601.243874	2819	857				
601.349108	2711	851				
601.454342	2887	874				
601.559575	2800	891				
601.664808	2767	864				
601.770041	2812	890				
601.875274	2782	866				
601.980507	2807	861				
602.085739	2685	883				
602.190971	2758	854				
602.296203	2785	860				
602.401435	2705	866				
602.506667	2763	861				
602.611898	2702	866				
602.717129	2813	884				
602.82236	2735	883				
602.927591	2759	882				
603.032822	2744	857				
603.138052	2721	828				
603.243282	2762	874				
603.348512	2747	844				
603.453742	2782	838				
603.558972	2718	853				
603.664201	2721	848				
603.76943	2652	832				
603.874659	2745	849				
603.979888	2693	835				
604.085117	2813	828				
604.190345	2668	812				
604.295573	2675	828				
604.400801	2705	794				
604.506029	2703	802				
604.611257	2694	848				
604.716484	2723	820				
604.821711	2635	811				
604.926938	2674	815				
605.032165	2553	818				
605.137392	2638	804				
605.242618	2633	809				
605.347844	2598	773				
605.45307	2662	820				
605.558296	2681	824				
605.663522	2585	781				
605.768747	2627	786				
605.873972	2571	839				
605.979197	2622	817				
606.084422	2610	805				
606.189646	2608	779				
606.294871	2561	766				
606.400095	2591	782				
606.505319	2564	775				
606.610543	2570	803				
606.715766	2660	820				
606.820989	2572	778				
606.926213	2557	815				
607.031436	2561	798				
607.136658	2597	793				
607.241881	2473	778				
607.347103	2448	788				
607.452325	2506	752				
607.557547	2492	772				
607.662769	2587	780				
607.76799	2528	770				
607.873212	2543	765				
607.978433	2486	769				
608.083654	2542	755				
608.188875	2477	780				
608.294095	2475	771				
608.399315	2460	748				
608.504536	2474	717				
608.609755	2498	768				
608.714975	2429	751				
608.820195	2451	772				
608.925414	2506	786				
609.030633	2480	761				
609.135852	2463	793				
609.241071	2389	783				
609.346289	2440	772				
609.451507	2438	744				
609.556725	2461	740				
609.661943	2451	728				
609.767161	2421	733				
609.872379	2454	785				
609.977596	2353	740				
610.082813	2417	729				
610.18803	2420	807				
610.293246	2381	718				
610.398463	2413	757				
610.503679	2346	762				
610.608895	2398	735				
610.714111	2418	738				
610.819327	2417	757				
610.924542	2363	727				
611.029757	2365	722				
611.134972	2358	770				
611.240187	2306	759				
611.345402	2323	713				
611.450616	2367	732				
611.555831	2402	715				
611.661045	2326	712				
611.766258	2383	699				
611.871472	2407	734				
611.976685	2294	665				
612.081899	2302	712				
612.187112	2281	707				
612.292324	2277	702				
612.397537	2291	706				
612.502749	2321	701				
612.607962	2307	716				
612.713174	2326	754				
612.818385	2310	701				
612.923597	2363	708				
613.028808	2253	711				
613.13402	2334	707				
613.239231	2264	687				
613.344441	2272	743				
613.449652	2322	726				
613.554862	2328	730				
613.660072	2266	693				
613.765282	2325	657				
613.870492	2237	701				
613.975702	2271	726				
614.080911	2258	708				
614.18612	2215	689				
614.291329	2181	659				
614.396538	2215	667				
614.501746	2300	683				
614.606955	2185	698				
614.712163	2181	698				
614.817371	2175	712				
614.922578	2165	668				
615.027786	2212	683				
615.132993	2203	682				
615.2382	2209	694				
615.343407	2188	645				
615.448614	2146	645				
615.55382	2124	713				
615.659027	2128	702				
615.764233	2134	679				
615.869439	2139	664				
615.974644	2094	684				
616.07985	2188	679				
616.185055	2147	646				
616.29026	2193	661				
616.395465	2139	709				
616.500669	2187	655				
616.605874	2137	634				
616.711078	2165	660				
616.816282	2135	657				
616.921486	2101	637				
617.02669	2151	624				
617.131893	2098	692				
617.237096	2168	659				
617.342299	2143	668				
617.447502	2080	683				
617.552705	2144	653				
617.657907	2120	614				
617.763109	2145	651				
617.868311	2161	616				
617.973513	2096	648				
618.078715	2037	658				
618.183916	2088	647				
618.289117	2094	642				
618.394318	2137	607				
618.499519	2054	634				
618.604719	2108	628				
618.70992	2075	666				
618.81512	2057	622				
618.92032	2055	666				
619.025519	2053	594				
619.130719	2031	662				
619.235918	2025	639				
619.341117	2026	607				
619.446316	2047	631				
619.551515	1987	628				
619.656713	2028	586				
619.761912	2039	640				
619.86711	2024	610				
619.972308	1986	594				
620.077505	1993	629				
620.182703	2056	641				
620.2879	2036	627				
620.393097	2007	620				
620.498294	2106	593				
620.603491	1954	640				
620.708687	1971	575				
620.813883	1997	602				
620.919079	1904	612				
621.024275	2004	567				
621.129471	2038	632				
621.234666	1985	662				
621.339861	2003	586				
621.445056	1992	616				
621.550251	1999	591				
621.655446	1964	584				
621.76064	1951	606				
621.865834	1946	574				
621.971028	2004	610				
622.076222	1891	581				
622.181416	1905	606				
622.286609	1962	586				
622.391802	1909	566				
622.496995	1911	599				
622.602188	1904	589				
622.70738	1902	595				
622.812573	1908	572				
622.917765	1893	537				
623.022957	1886	613				
623.128148	1894	580				
623.23334	1888	577				
623.338531	1920	566				
623.443722	1886	556				
623.548913	1847	586				
623.654104	1853	543				
623.759294	1924	604				
623.864485	1899	572				
623.969675	1918	580				
624.074865	1875	564				
624.180054	1843	575				
624.285244	1850	577				
624.390433	1891	619				
624.495622	1910	558				
624.600811	1828	592				
624.705999	1780	604				
624.811188	1828	554				
624.916376	1832	542				
625.021564	1816	581				
625.126752	1914	561				
625.231939	1847	554				
625.337127	1803	565				
625.442314	1816	559				
625.547501	1820	579				
625.652687	1859	525				
625.757874	1851	592				
625.86306	1787	557				
625.968246	1838	537				
626.073432	1797	574				
626.178618	1756	580				
626.283804	1772	564				
626.388989	1809	539				
626.494174	1769	539				
626.599359	1773	533				
626.704544	1702	555				
626.809728	1791	573				
626.914912	1776	513				
627.020096	1772	560				
627.12528	1743	531				
627.230464	1669	534				
627.335647	1745	513				
627.440831	1788	535				
627.546014	1766	521				
627.651196	1701	539				
627.756379	1743	516				
627.861561	1683	557				
627.966744	1750	576				
628.071926	1706	533				
628.177107	1763	543				
628.282289	1688	577				
628.38747	1738	547				
628.492651	1735	548				
628.597832	1636	548				
628.703013	1732	521				
628.808194	1692	527				
628.913374	1649	515				
629.018554	1708	529				
629.123734	1676	529				
629.228914	1685	549				
629.334093	1741	503				
629.439272	1686	503				
629.544452	1627	492				
629.64963	1694	535				
629.754809	1673	519				
629.859988	1726	552				
629.965166	1677	490				
630.070344	1637	489				
630.175522	1695	517				
630.280699	1685	496				
630.385877	1678	520				
630.491054	1674	530				
630.596231	1680	520				
630.701408	1659	498				
630.806584	1627	533				
630.911761	1650	538				
631.016937	1656	484				
631.122113	1649	492				
631.227288	1666	527				
631.332464	1676	527				
631.437639	1707	502				
631.542814	1607	501				
631.647989	1657	506				
631.753164	1632	511				
631.858339	1595	498				
631.963513	1576	497				
632.068687	1637	486				
632.173861	1633	521				
632.279034	1601	491				
632.384208	1634	485				
632.489381	1568	479				
632.594554	1604	503				
632.699727	1591	473				
632.8049	1628	482				
632.910072	1678	502				
633.015244	1608	469				
633.120416	1607	500				
633.225588	1562	519				
633.33076	1595	504				
633.435931	1675	487				
