	PhCN	PhCN/TiO2-Ethanol	PhCN-TiO2-water			
417.750876	2129	607	1842			
417.856419	2079	610	1871			
417.961962	2149	655	1990			
418.067505	2271	616	1934			
418.173047	2185	660	1929			
418.278589	2127	627	1949			
418.384131	2126	657	1988			
418.489673	2205	666	1924			
418.595215	2148	643	2000			
418.700757	2185	651	1968			
418.806298	2241	639	1987			
418.91184	2183	644	1957			
419.017381	2186	650	1968			
419.122922	2201	667	1961			
419.228463	2244	627	2019			
419.334004	2244	649	2048			
419.439544	2275	650	2003			
419.545085	2233	635	2024			
419.650625	2197	691	2036			
419.756165	2251	638	2125			
419.861705	2297	694	2041			
419.967245	2309	677	2100			
420.072784	2294	668	2091			
420.178324	2336	666	2133			
420.283863	2329	689	2130			
420.389402	2290	666	2213			
420.494941	2366	708	2145			
420.60048	2373	717	2181			
420.706019	2354	669	2150			
420.811557	2407	671	2219			
420.917096	2360	690	2254			
421.022634	2440	695	2216			
421.128172	2396	683	2217			
421.23371	2342	687	2244			
421.339248	2415	695	2273			
421.444786	2461	685	2312			
421.550323	2532	705	2231			
421.65586	2402	700	2282			
421.761398	2448	747	2261			
421.866935	2567	738	2233			
421.972471	2504	706	2357			
422.078008	2478	665	2330			
422.183545	2508	704	2303			
422.289081	2512	718	2324			
422.394617	2534	701	2327			
422.500153	2561	699	2320			
422.605689	2561	710	2292			
422.711225	2580	736	2490			
422.816761	2645	733	2357			
422.922296	2605	729	2312			
423.027831	2694	721	2455			
423.133367	2649	788	2417			
423.238902	2628	773	2515			
423.344436	2621	735	2407			
423.449971	2755	715	2529			
423.555506	2648	777	2541			
423.66104	2747	792	2482			
423.766574	2770	751	2524			
423.872108	2705	767	2522			
423.977642	2762	787	2604			
424.083176	2756	774	2534			
424.188709	2722	819	2481			
424.294243	2771	775	2607			
424.399776	2837	784	2625			
424.505309	2860	782	2580			
424.610842	2926	804	2627			
424.716375	2824	847	2574			
424.821908	2856	766	2550			
424.92744	2883	817	2601			
425.032972	2892	803	2760			
425.138505	3023	767	2685			
425.244037	2885	847	2669			
425.349569	2949	794	2681			
425.4551	2935	816	2702			
425.560632	2942	790	2775			
425.666163	3023	805	2634			
425.771694	3046	819	2677			
425.877226	3052	860	2740			
425.982756	3089	796	2750			
426.088287	3093	844	2818			
426.193818	3078	840	2850			
426.299348	3176	847	2827			
426.404879	3098	800	2792			
426.510409	3246	843	2872			
426.615939	3222	837	2834			
426.721469	3236	841	2860			
426.826998	3171	805	2902			
426.932528	3233	839	2798			
427.038057	3231	868	2844			
427.143586	3250	848	2801			
427.249115	3310	881	2847			
427.354644	3236	848	2886			
427.460173	3235	863	2938			
427.565702	3236	910	2982			
427.67123	3318	836	2930			
427.776758	3265	873	2870			
427.882286	3393	868	2937			
427.987814	3389	845	2971			
428.093342	3407	837	3055			
428.19887	3336	851	2988			
428.304397	3370	934	2992			
428.409925	3491	929	2991			
428.515452	3457	904	3086			
428.620979	3560	902	3079			
428.726506	3580	869	3017			
428.832032	3541	879	3013			
428.937559	3578	883	3085			
429.043085	3642	898	3053			
429.148612	3619	895	3074			
429.254138	3583	883	3150			
429.359664	3660	903	3173			
429.465189	3628	902	3206			
429.570715	3695	909	3162			
429.67624	3701	957	3115			
429.781766	3718	946	3203			
429.887291	3722	938	3218			
429.992816	3747	964	3245			
430.09834	3825	966	3194			
430.203865	3776	924	3282			
430.30939	3848	917	3235			
430.414914	3875	958	3241			
430.520438	3905	960	3306			
430.625962	3869	925	3147			
430.731486	3927	900	3232			
430.83701	3791	956	3312			
430.942533	3951	940	3298			
431.048057	3952	947	3327			
431.15358	3901	949	3363			
431.259103	4060	937	3308			
431.364626	3985	953	3308			
431.470149	4022	1027	3196			
431.575671	4013	952	3341			
431.681194	4093	994	3388			
431.786716	4117	1043	3385			
431.892238	3893	978	3382			
431.99776	4091	997	3391			
432.103282	4114	990	3416			
432.208804	4230	977	3403			
432.314325	4259	991	3425			
432.419846	4202	993	3439			
432.525368	4359	981	3490			
432.630889	4272	979	3430			
432.73641	4337	993	3434			
432.84193	4190	1017	3459			
432.947451	4302	963	3475			
433.052971	4360	1007	3545			
433.158491	4330	1040	3523			
433.264011	4307	1020	3593			
433.369531	4458	1018	3576			
433.475051	4435	1007	3517			
433.580571	4322	1077	3556			
433.68609	4389	1074	3601			
433.79161	4453	1069	3625			
433.897129	4595	1044	3610			
434.002648	4483	1058	3728			
434.108166	4518	1059	3708			
434.213685	4544	1092	3714			
434.319204	4565	1066	3695			
434.424722	4590	996	3736			
434.53024	4599	1013	3666			
434.635758	4601	1059	3697			
434.741276	4620	1094	3760			
434.846794	4540	1083	3717			
434.952311	4778	1053	3821			
435.057829	4665	1051	3710			
435.163346	4793	1083	3721			
435.268863	4711	1058	3761			
435.37438	4810	1103	3712			
435.479897	4660	1064	3805			
435.585413	4814	1044	3794			
435.69093	4733	1088	3824			
435.796446	4844	1108	3820			
435.901962	4873	1099	3839			
436.007478	4813	1102	3874			
436.112994	4840	1126	3981			
436.218509	4769	1085	3900			
436.324025	4929	1067	3885			
436.42954	4912	1025	3872			
436.535055	5022	1155	3968			
436.64057	4968	1123	3881			
436.746085	5088	1098	3990			
436.8516	4953	1098	4034			
436.957114	5016	1133	4041			
437.062629	5108	1110	3931			
437.168143	5043	1152	4004			
437.273657	5124	1126	3968			
437.379171	5110	1089	4053			
437.484685	5034	1128	3989			
437.590198	5204	1119	4027			
437.695711	5192	1147	4041			
437.801225	5131	1181	4037			
437.906738	5227	1160	4096			
438.012251	5220	1139	4043			
438.117764	5106	1139	4077			
438.223276	5311	1128	4081			
438.328789	5300	1148	4072			
438.434301	5202	1147	4221			
438.539813	5337	1178	4046			
438.645325	5317	1127	4191			
438.750837	5269	1160	4199			
438.856348	5343	1156	4185			
438.96186	5321	1133	4154			
439.067371	5374	1181	4197			
439.172882	5369	1208	4358			
439.278393	5285	1169	4296			
439.383904	5390	1145	4179			
439.489415	5452	1160	4222			
439.594926	5361	1190	4247			
439.700436	5506	1188	4260			
439.805946	5549	1226	4245			
439.911456	5530	1233	4330			
440.016966	5493	1171	4301			
440.122476	5554	1182	4240			
440.227985	5534	1206	4264			
440.333495	5629	1171	4379			
440.439004	5522	1244	4303			
440.544513	5604	1165	4424			
440.650022	5556	1252	4523			
440.755531	5708	1204	4340			
440.86104	5718	1204	4379			
440.966548	5699	1254	4433			
441.072056	5651	1206	4463			
441.177564	5686	1199	4309			
441.283072	5734	1237	4367			
441.38858	5714	1251	4481			
441.494088	5743	1243	4429			
441.599595	5792	1224	4435			
441.705103	5690	1199	4452			
441.81061	5788	1269	4567			
441.916117	5768	1228	4507			
442.021624	5857	1304	4612			
442.12713	5842	1231	4508			
442.232637	5694	1242	4539			
442.338143	5927	1257	4636			
442.44365	5811	1244	4575			
442.549156	5877	1279	4548			
442.654661	5991	1332	4694			
442.760167	5906	1223	4576			
442.865673	5949	1305	4624			
442.971178	6012	1182	4557			
443.076683	6095	1305	4635			
443.182188	6020	1253	4524			
443.287693	6057	1291	4641			
443.393198	6076	1247	4624			
443.498703	6108	1265	4773			
443.604207	6189	1276	4715			
443.709712	6145	1283	4780			
443.815216	6209	1320	4773			
443.92072	6121	1331	4741			
444.026223	6291	1284	4798			
444.131727	6125	1329	4821			
444.237231	6276	1344	4852			
444.342734	6300	1293	4952			
444.448237	6323	1269	4899			
444.55374	6312	1309	4854			
444.659243	6178	1282	4915			
444.764745	6176	1275	4902			
444.870248	6202	1293	4863			
444.97575	6266	1319	4919			
445.081253	6274	1365	4810			
445.186755	6336	1347	4826			
445.292256	6348	1351	4927			
445.397758	6278	1284	4971			
445.50326	6416	1362	4876			
445.608761	6473	1342	4959			
445.714262	6569	1329	4960			
445.819763	6412	1335	5018			
445.925264	6441	1325	4959			
446.030765	6549	1372	5029			
446.136266	6539	1378	4946			
446.241766	6577	1398	5065			
446.347266	6544	1363	5049			
446.452766	6650	1371	5105			
446.558266	6544	1322	4966			
446.663766	6567	1346	4922			
446.769266	6641	1385	5100			
446.874765	6640	1377	5042			
446.980264	6662	1354	5053			
447.085763	6745	1382	4986			
447.191262	6721	1363	5107			
447.296761	6723	1339	5095			
447.40226	6696	1388	5068			
447.507758	6812	1381	5095			
447.613257	6712	1421	5070			
447.718755	6743	1376	5151			
447.824253	6881	1422	5107			
447.929751	6942	1411	5190			
448.035248	6947	1357	5303			
448.140746	7059	1454	5142			
448.246243	6979	1408	5228			
448.35174	7020	1410	5211			
448.457237	6962	1458	5127			
448.562734	7087	1465	5221			
448.668231	7116	1390	5154			
448.773727	7038	1478	5301			
448.879224	6949	1429	5221			
448.98472	7136	1462	5225			
449.090216	7044	1412	5268			
449.195712	7037	1478	5251			
449.301208	7071	1462	5199			
449.406703	7116	1404	5236			
449.512199	7001	1449	5346			
449.617694	7164	1440	5289			
449.723189	7184	1503	5350			
449.828684	7217	1430	5333			
449.934178	7138	1445	5302			
450.039673	7314	1492	5287			
450.145167	7344	1462	5328			
450.250662	7306	1489	5507			
450.356156	7512	1422	5404			
450.46165	7442	1471	5377			
450.567144	7538	1479	5370			
450.672637	7385	1497	5364			
450.778131	7452	1511	5428			
450.883624	7525	1485	5371			
450.989117	7491	1468	5332			
451.09461	7554	1505	5363			
451.200103	7694	1497	5313			
451.305595	7658	1554	5386			
451.411088	7485	1524	5403			
451.51658	7574	1539	5419			
451.622072	7702	1530	5523			
451.727564	7585	1535	5470			
451.833056	7710	1530	5512			
451.938548	7743	1504	5521			
452.044039	7690	1576	5510			
452.149531	7659	1587	5440			
452.255022	7769	1469	5521			
452.360513	7766	1507	5514			
452.466004	7960	1581	5490			
452.571494	7832	1540	5590			
452.676985	7855	1501	5593			
452.782475	8045	1564	5565			
452.887965	7977	1554	5578			
452.993455	7877	1553	5493			
453.098945	8060	1577	5567			
453.204435	8146	1598	5568			
453.309924	8071	1569	5550			
453.415414	8005	1581	5598			
453.520903	8180	1592	5652			
453.626392	7924	1560	5696			
453.731881	8123	1583	5645			
453.83737	8090	1568	5605			
453.942858	8266	1567	5710			
454.048347	8133	1555	5609			
454.153835	8216	1538	5636			
454.259323	8081	1588	5738			
454.364811	8341	1614	5753			
454.470298	8324	1612	5730			
454.575786	8272	1580	5714			
454.681273	8151	1552	5601			
454.786761	8276	1635	5728			
454.892248	8410	1616	5623			
454.997735	8479	1655	5733			
455.103221	8399	1656	5756			
455.208708	8492	1632	5720			
455.314194	8590	1585	5794			
455.419681	8594	1621	5755			
455.525167	8636	1582	5820			
455.630653	8567	1612	5872			
455.736139	8746	1553	5858			
455.841624	8616	1619	5823			
455.94711	8698	1646	5763			
456.052595	8610	1700	5771			
456.15808	8791	1631	5771			
456.263565	8845	1627	5894			
456.36905	8767	1640	5912			
456.474534	8814	1668	5763			
456.580019	8780	1636	5755			
456.685503	8774	1628	5830			
456.790987	8881	1717	5834			
456.896471	9050	1669	5738			
457.001955	9097	1681	5884			
457.107439	9108	1646	5793			
457.212922	9214	1710	5890			
457.318405	8960	1679	5901			
457.423889	8989	1675	5812			
457.529372	9147	1637	5915			
457.634854	9206	1670	5900			
457.740337	9291	1664	5850			
457.84582	9332	1714	5964			
457.951302	9328	1709	5906			
458.056784	9231	1692	5852			
458.162266	9460	1690	5970			
458.267748	9342	1727	5908			
458.373229	9435	1698	5923			
458.478711	9398	1750	5890			
458.584192	9622	1689	5923			
458.689673	9621	1693	5977			
458.795155	9613	1690	5902			
458.900635	9603	1644	5970			
459.006116	9714	1652	5937			
459.111597	9570	1707	5976			
459.217077	9719	1742	5923			
459.322557	9676	1673	6068			
459.428037	9750	1753	6056			
459.533517	9853	1706	6018			
459.638997	9902	1804	6012			
459.744476	9805	1793	6020			
459.849956	9906	1764	6037			
459.955435	9975	1783	6027			
460.060914	10087	1706	6039			
460.166393	10063	1736	5940			
460.271871	10134	1763	6229			
460.37735	10041	1740	6129			
460.482828	10066	1725	6119			
460.588306	10193	1750	6154			
460.693784	10433	1772	6112			
460.799262	10100	1779	6118			
460.90474	10262	1728	6020			
461.010218	10344	1731	6244			
461.115695	10319	1772	6185			
461.221172	10235	1747	6105			
461.326649	10301	1829	6169			
461.432126	10249	1831	6169			
461.537603	10306	1742	6212			
461.643079	10519	1776	6132			
461.748556	10537	1767	6166			
461.854032	10546	1732	6233			
461.959508	10575	1752	6196			
462.064984	10703	1781	6127			
462.17046	10714	1788	6273			
462.275935	10632	1800	6214			
462.381411	10712	1795	6239			
462.486886	10678	1812	6398			
462.592361	10776	1751	6143			
462.697836	10589	1746	6265			
462.80331	10741	1821	6128			
462.908785	10744	1736	6127			
463.014259	10896	1795	6280			
463.119734	10980	1725	6217			
463.225208	11051	1860	6254			
463.330682	11020	1851	6171			
463.436155	10944	1774	6315			
463.541629	11009	1861	6354			
463.647102	10831	1853	6194			
463.752576	11192	1770	6338			
463.858049	11017	1873	6314			
463.963522	11025	1811	6367			
464.068994	11092	1837	6297			
464.174467	11228	1783	6242			
464.279939	11158	1847	6327			
464.385412	11181	1786	6322			
464.490884	11356	1791	6295			
464.596356	11354	1817	6310			
464.701827	11278	1834	6342			
464.807299	11428	1815	6453			
464.91277	11492	1867	6309			
465.018241	11421	1802	6360			
465.123713	11535	1886	6333			
465.229183	11569	1849	6357			
465.334654	11517	1761	6366			
465.440125	11510	1883	6371			
465.545595	11522	1774	6337			
465.651065	11559	1891	6503			
465.756536	11608	1830	6337			
465.862005	11634	1872	6357			
465.967475	11600	1886	6334			
466.072945	11749	1834	6379			
466.178414	11606	1914	6358			
466.283883	11771	1794	6417			
466.389353	11756	1881	6411			
466.494821	11838	1840	6533			
466.60029	11791	1877	6468			
466.705759	11902	1899	6415			
466.811227	11876	1883	6488			
466.916695	11797	1907	6432			
467.022164	11925	1802	6405			
467.127631	11903	1835	6463			
467.233099	11955	1905	6501			
467.338567	12093	1903	6383			
467.444034	12034	1924	6366			
467.549501	12079	1975	6424			
467.654968	12085	1928	6541			
467.760435	12223	1900	6383			
467.865902	12073	1925	6414			
467.971369	12301	1947	6451			
468.076835	12284	1876	6492			
468.182301	12235	1854	6452			
468.287767	12266	1898	6487			
468.393233	12275	1861	6591			
468.498699	12228	1890	6450			
468.604165	12336	1850	6530			
468.70963	12442	1918	6519			
468.815095	12364	1949	6531			
468.92056	12382	1966	6502			
469.026025	12458	1892	6433			
469.13149	12526	1945	6562			
469.236955	12375	1967	6463			
469.342419	12458	1863	6496			
469.447883	12533	1907	6543			
469.553347	12475	1906	6546			
469.658811	12462	1966	6635			
469.764275	12413	1884	6644			
469.869739	12742	1894	6597			
469.975202	12637	1902	6634			
470.080665	12622	1917	6560			
470.186128	12667	1938	6611			
470.291591	12615	1892	6624			
470.397054	12797	1927	6686			
470.502516	12779	1873	6606			
470.607979	12718	1946	6523			
470.713441	12728	1968	6549			
470.818903	12765	1976	6612			
470.924365	12769	2007	6742			
471.029827	12586	1982	6621			
471.135288	12758	1955	6626			
471.24075	12797	1899	6709			
471.346211	12838	1913	6709			
471.451672	12751	1990	6542			
471.557133	12855	1931	6754			
471.662594	12938	1930	6670			
471.768054	12797	1969	6701			
471.873515	12685	1898	6682			
471.978975	12840	1968	6789			
472.084435	12851	1947	6797			
472.189895	12874	2009	6777			
472.295354	12780	1947	6789			
472.400814	12970	1930	6798			
472.506273	12922	2056	6875			
472.611733	12942	1903	6720			
472.717192	13041	1993	6727			
472.82265	13068	1912	6813			
472.928109	13154	1950	6769			
473.033568	13109	1969	6778			
473.139026	13083	2009	6685			
473.244484	13085	2028	6635			
473.349942	13261	1977	6861			
473.4554	12943	1986	6776			
473.560858	13217	1950	6731			
473.666315	12962	1914	6705			
473.771773	12965	2008	6614			
473.87723	13159	1930	6775			
473.982687	12981	1967	6799			
474.088144	13046	1961	6755			
474.1936	13019	1970	6692			
474.299057	13097	2036	6877			
474.404513	12987	1956	6665			
474.509969	13228	1902	6784			
474.615425	13101	1977	6806			
474.720881	13108	2010	6918			
474.826337	13141	1940	6808			
474.931792	13238	2028	6894			
475.037248	13195	1918	6846			
475.142703	13306	1991	6821			
475.248158	13306	1963	6793			
475.353613	13273	1950	6781			
475.459067	13372	1987	6928			
475.564522	13334	1993	6751			
475.669976	13311	2002	6900			
475.77543	13201	2011	6706			
475.880884	13254	1922	6781			
475.986338	13220	1987	6781			
476.091792	13371	1994	6922			
476.197245	13171	2022	6883			
476.302699	13135	1995	6876			
476.408152	13264	2004	6920			
476.513605	13226	1963	6800			
476.619057	13073	1966	6949			
476.72451	13260	2031	6845			
476.829963	13181	1979	6754			
476.935415	13149	1962	6868			
477.040867	13320	1990	6836			
477.146319	13143	1964	6772			
477.251771	13295	1965	7000			
477.357222	13255	1940	6845			
477.462674	13220	1993	6871			
477.568125	13220	2007	6934			
477.673576	13338	2032	6844			
477.779027	13215	2042	6967			
477.884478	13253	2040	6848			
477.989928	13274	1969	6788			
478.095379	13492	2053	6930			
478.200829	13324	2079	6849			
478.306279	13405	1960	6847			
478.411729	13319	2049	6813			
478.517179	13467	2017	6826			
478.622628	13493	2068	6841			
478.728078	13403	2011	6926			
478.833527	13368	1971	6870			
478.938976	13295	1995	6914			
479.044425	13266	1993	7004			
479.149874	13451	2038	6950			
479.255322	13524	2125	6951			
479.360771	13324	2057	6997			
479.466219	13348	2009	6984			
479.571667	13432	2071	6971			
479.677115	13438	2090	6998			
479.782563	13249	2083	6896			
479.88801	13254	2068	6799			
479.993457	13494	2087	6887			
480.098905	13381	2039	6943			
480.204352	13421	2036	6962			
480.309799	13459	2095	6954			
480.415245	13310	2072	6915			
480.520692	13421	2038	7059			
480.626138	13360	2024	7005			
480.731584	13396	2021	6912			
480.83703	13309	2113	7010			
480.942476	13347	2041	6925			
481.047922	13399	2049	7018			
481.153367	13376	2074	6925			
481.258813	13292	2081	7018			
481.364258	13414	2061	7038			
481.469703	13406	2113	6984			
481.575148	13387	2143	7070			
481.680592	13493	1999	6975			
481.786037	13290	2017	6985			
481.891481	13354	2076	6923			
481.996925	13361	2018	6864			
482.102369	13261	2039	7011			
482.207813	13288	2082	6989			
482.313257	13177	2075	6836			
482.4187	13322	2083	6839			
482.524143	13262	2028	6910			
482.629586	13139	2103	7014			
482.735029	13350	2079	6957			
482.840472	13260	2079	7004			
482.945915	13272	2062	6847			
483.051357	13433	2068	6976			
483.156799	13347	2124	7022			
483.262241	13134	2074	6957			
483.367683	13077	2131	6988			
483.473125	13236	2070	6883			
483.578567	13470	2071	7061			
483.684008	13387	2034	6976			
483.789449	13310	2051	6958			
483.89489	13348	2065	6989			
484.000331	13377	2099	7016			
484.105772	13374	2094	7002			
484.211213	13332	2082	7055			
484.316653	13023	2102	7013			
484.422093	13246	2132	7002			
484.527533	13265	2045	6862			
484.632973	13413	2105	6972			
484.738413	13248	2092	6999			
484.843852	13352	2070	6923			
484.949292	13262.5	2099.5	6928.5			
485.054731	13173	2129	6934			
485.16017	13243	2112	6924			
485.265609	13240	2078	6913			
485.371047	13193	2093	6896			
485.476486	13132	2086	6937			
485.581924	13206	2043	6924			
485.687362	13070	2053	7023			
485.7928	13321	2105	6818			
485.898238	13240	2144	6986			
486.003676	13400	2112	6936			
486.109113	13302	2098	7032			
486.21455	13358	2107	6985			
486.319987	13241	2081	7047			
486.425424	13318	2157	6921			
486.530861	13298	2053	7025			
486.636298	13392	2052	6891			
486.741734	13315	2059	7082			
486.84717	13345	2070	7045			
486.952607	13354	2056	6934			
487.058042	13284	2131	7049			
487.163478	13125	2037	6950			
487.268914	13327	2105	7039			
487.374349	13313	2087	7056			
487.479784	13379	2121	6928			
487.585219	13363	2081	6945			
487.690654	13218	2117	6991			
487.796089	13220	2075	6907			
487.901524	13380	2113	7131			
488.006958	13115	2062	7004			
488.112392	13313	2105	6988			
488.217826	13206	2156	6953			
488.32326	13460	2120	6920			
488.428694	13225	2164	6971			
488.534127	13271	2094	7033			
488.639561	13295	2065	6947			
488.744994	13169	2145	7002			
488.850427	13321	2154	6871			
488.95586	13278	2109	6932			
489.061292	13395	2133	7020			
489.166725	13393	2094	6872			
489.272157	13462	2107	6895			
489.377589	13280	2107	6936			
489.483021	13344	2091	6877			
489.588453	13312	2118	6974			
489.693885	13401	2118	6918			
489.799316	13302	2095	6907			
489.904747	13258	2164	6991			
490.010178	13368	2136	6857			
490.115609	13284	1995	7070			
490.22104	13320	2174	6911			
490.326471	13485	2104	7040			
490.431901	13332	2146	6976			
490.537331	13256	2122	7011			
490.642761	13244	2114	7067			
490.748191	13273	2070	6916			
490.853621	13316	2137	7030			
490.95905	13347.5	2132	7028.5			
491.06448	13379	2127	7027			
491.169909	13235	2206	7046			
491.275338	13314	2151	6956			
491.380767	13271	2111	7047			
491.486196	13211	2124	6938			
491.591624	13282	2114	6898			
491.697052	13466	2148	6899			
491.802481	13398	2036	6990			
491.907908	13363	2156	6848			
492.013336	13330	2112	6830			
492.118764	13388	2083	7071			
492.224191	13452	2126	6838			
492.329619	13459	2081	7041			
492.435046	13333	2151	6951			
492.540473	13467	2165	6933			
492.6459	13410	2160	7038			
492.751326	13276	2124	7082			
492.856753	13385	2090	6961			
492.962179	13319	2153	7013			
493.067605	13164	2111	6874			
493.173031	13470	2132	7025			
493.278457	13305	2152	6925			
493.383882	13299	2081	6800			
493.489307	13148	2100	6988			
493.594733	13306	2094	7014			
493.700158	13236	2093	6963			
493.805583	13344	2115	6969			
493.911007	13332	2100	6763			
494.016432	13298	2151	6856			
494.121856	13146	2132	6935			
494.22728	13289	2085	6880			
494.332704	13333	2131	6866			
494.438128	13446	2146	6868			
494.543552	13232	2143	6934			
494.648975	13283	2110	6956			
494.754399	13286	2098	6976			
494.859822	13327	2091	6900			
494.965245	13523	2162	6792			
495.070667	13400	2160	6970			
495.17609	13330	2083	6800			
495.281513	13261	2174	7007			
495.386935	13302	2172	6888			
495.492357	13296	2128	6937			
495.597779	13432	2175	6880			
495.703201	13301	2132	6937			
495.808622	13335	2130	6958			
495.914043	13352	2084	6836			
496.019465	13629	2122	6996			
496.124886	13357	2150	6840			
496.230307	13395	2095	6968			
496.335727	13372	2074	6917			
496.441148	13395	2160	6877			
496.546568	13473	2077	6904			
496.651988	13558	2055	6870			
496.757408	13390	2143	6716			
496.862828	13494	2056	6844			
496.968248	13510	2064	6855			
497.073667	13404	2075	6823			
497.179087	13473	2018	6770			
497.284506	13457	2083	6960			
497.389925	13487	2149	6842			
497.495343	13585	2094	6864			
497.600762	13382	2131	6924			
497.70618	13442	2088	7075			
497.811599	13440	2143	6954			
497.917017	13522	2124	6850			
498.022435	13439	2119	6839			
498.127852	13528	2092	6999			
498.23327	13443	2094	6890			
498.338687	13524	2045	6795			
498.444105	13487	2130	6854			
498.549522	13560	2148	6808			
498.654938	13594	2120	6949			
498.760355	13516	2094	6924			
498.865772	13408	2127	6899			
498.971188	13358	2128	6891			
499.076604	13443	2121	6874			
499.18202	13408	2049	7003			
499.287436	13510	2088	6930			
499.392852	13500	2021	6847			
499.498267	13538	2118	6912			
499.603682	13668	2150	6968			
499.709097	13658	2077	6896			
499.814512	13623	2041	6984			
499.919927	13512	2133	6905			
500.025342	13663	2049	6899			
500.130756	13746	2078	6912			
500.23617	13678	2145	6962			
500.341584	13647	2050	6857			
500.446998	13600	2110	6885			
500.552412	13726	2077	6871			
500.657825	13616	2130	6905			
500.763239	13510	2062	6972			
500.868652	13716	2129	6857			
500.974065	13734	2154	6912			
501.079478	13558	2097	6977			
501.184891	13473	2093	6811			
501.290303	13631	2079	6892			
501.395715	13467	2168	6715			
501.501127	13722	2168	6831			
501.606539	13575	2108	6756			
501.711951	13561	2051	6883			
501.817363	13443	2067	6856			
501.922774	13447	2097	6916			
502.028185	13438	2087	6884			
502.133596	13698	2096	6889			
502.239007	13538	2122	6787			
502.344418	13518	2072	6796			
502.449829	13492	2062	6812			
502.555239	13504	2066	6762			
502.660649	13536	2188	6807			
502.766059	13545	2091	6768			
502.871469	13641	2118	6807			
502.976879	13582	2103	6777			
503.082288	13508	2101	6799			
503.187698	13618	2098	6842			
503.293107	13468	2111	6779			
503.398516	13552	2121	6773			
503.503924	13621	2031	6789			
503.609333	13687	2083	6887			
503.714742	13695	2133	6807			
503.82015	13654	2146	6847			
503.925558	13699	2129	6790			
504.030966	13596	2102	6787			
504.136374	13774	2052	6904			
504.241781	13619	2062	6686			
504.347188	13708	2097	6875			
504.452596	13723	2137	6759			
504.558003	13773	2009	6829			
504.66341	13631	2061	6742			
504.768816	13558	2054	6770			
504.874223	13573	1991	6770			
504.979629	13720	2056	6786			
505.085035	13428	2093	6850			
505.190441	13663	2082	6754			
505.295847	13789	2069	6838			
505.401253	13652	2048	6660			
505.506658	13755	2043	6808			
505.612063	13747	2085	6769			
505.717468	13599	2075	6750			
505.822873	13804	2030	6822			
505.928278	13526	2088	6697			
506.033683	13848	2070	6652			
506.139087	13602	2093	6728			
506.244491	13730	2088	6728			
506.349895	13761	2048	6681			
506.455299	13761	2054	6682			
506.560703	13745	2037	6689			
506.666106	13714	2045	6640			
506.77151	13736	2074	6617			
506.876913	13707	2012	6682			
506.982316	13819	2139	6701			
507.087718	13698	2105	6876			
507.193121	13697	2160	6710			
507.298523	13746	2015	6727			
507.403926	13781	2082	6721			
507.509328	13636	2045	6668			
507.61473	13768	2016	6738			
507.720131	13686	2112	6737			
507.825533	13702	2018	6610			
507.930934	13779	2075	6721			
508.036336	13647	2084	6711			
508.141737	13749	2106	6644			
508.247137	13728	2036	6735			
508.352538	13754	2047	6763			
508.457939	13763	1970	6649			
508.563339	13643	2050	6739			
508.668739	13743	1995	6677			
508.774139	13721	2025	6672			
508.879539	13743	2057	6590			
508.984938	13709	2062	6642			
509.090338	13685	2084	6666			
509.195737	13643	2043	6563			
509.301136	13695	2115	6669			
509.406535	13724	2035	6660			
509.511934	13822	2094	6527			
509.617332	13770	2070	6599			
509.722731	13759	2096	6755			
509.828129	13671	2123	6644			
509.933527	13861	2070	6757			
510.038925	13660	2084	6692			
510.144322	13718	2042	6631			
510.24972	13692	2098	6710			
510.355117	13609	2163	6674			
510.460514	13821	2054	6586			
510.565911	13658	2005	6648			
510.671308	13668	1966	6639			
510.776704	13604	2074	6579			
510.882101	13521	2066	6502			
510.987497	13547	2073	6522			
511.092893	13742	2089	6638			
511.198289	13798	2054	6569			
511.303685	13714	2028	6504			
511.40908	13564	2038	6700			
511.514476	13634	2068	6572			
511.619871	13480	2067	6613			
511.725266	13562	2048	6482			
511.830661	13631	2025	6565			
511.936055	13634	2041	6455			
512.04145	13724	2036	6362			
512.146844	13329	2022	6492			
512.252238	13483	2045	6527			
512.357632	13643	2054	6584			
512.463026	13427	2037	6483			
512.568419	13546	2031	6443			
512.673813	13599	1993	6620			
512.779206	13717	2047	6533			
512.884599	13648	1968	6558			
512.989992	13544	2035	6554			
513.095384	13579	1978	6505			
513.200777	13597	2027	6492			
513.306169	13773	1998	6637			
513.411561	13577	2104	6538			
513.516953	13648	2077	6353			
513.622345	13535	2057	6445			
513.727737	13561	1973	6566			
513.833128	13476	1989	6605			
513.938519	13479	2037	6440			
514.04391	13529	2010	6312			
514.149301	13649	2053	6422			
514.254692	13645	1995	6413			
514.360082	13566	1978	6556			
514.465473	13421	2015	6394			
514.570863	13715	2048	6350			
514.676253	13415	1985	6427			
514.781643	13469	2033	6444			
514.887032	13594	2003	6291			
514.992422	13634	2024	6465			
515.097811	13507	2045	6337			
515.2032	13638	2014	6423			
515.308589	13507	2087	6338			
515.413978	13492	1953	6498			
515.519366	13673	2066	6469			
515.624755	13618	1985	6312			
515.730143	13610	1975	6403			
515.835531	13614	1970	6416			
515.940919	13562	2026	6394			
516.046306	13517	1982	6337			
516.151694	13618	2010	6424			
516.257081	13641	2003	6364			
516.362468	13617	2036	6364			
516.467855	13556	2083	6380			
516.573242	13440	1950	6397			
516.678629	13448	1992	6307			
516.784015	13414	1987	6362			
516.889401	13414	2029	6234			
516.994787	13531	2020	6335			
517.100173	13489	1938	6269			
517.205559	13513	1967	6229			
517.310944	13429	2049	6302			
517.41633	13381	1992	6334			
517.521715	13592	1958	6131			
517.6271	13212	2027	6204			
517.732485	13472	2040	6292			
517.837869	13447	2013	6273			
517.943254	13484	1979	6260			
518.048638	13419	2002	6447			
518.154022	13318	1977	6319			
518.259406	13480	1971	6186			
518.36479	13413	1967	6225			
518.470173	13541	1961	6301			
518.575556	13489	2006	6187			
518.68094	13468	2001	6340			
518.786323	13458	1984	6171			
518.891705	13369	1960	6169			
518.997088	13163	2010	6189			
519.102471	13193	1953	6206			
519.207853	13080	1936	6122			
519.313235	13112	1917	6069			
519.418617	13067	1949	6160			
519.523999	13026	1996	5955			
519.62938	12984	1957	6153			
519.734761	13028	1944	6073			
519.840143	12989	1956	6176			
519.945524	12936	1924	6134			
520.050905	13207	1955	6168			
520.156285	12973	1922	5909			
520.261666	13189	1957	6182			
520.367046	13260	2021	6150			
520.472426	13224	2016	6068			
520.577806	13240	2026	6307			
520.683186	13114	1930	6159			
520.788565	13277	1976	6189			
520.893945	13136	2011	6153			
520.999324	13175	1976	6085			
521.104703	13355	2035	6104			
521.210082	13160	2015	6103			
521.31546	13107	2002	6121			
521.420839	13176	1921	6088			
521.526217	13023	1961	6072			
521.631595	13058	1964	6098			
521.736973	13193	1944	6094			
521.842351	13221	1927	6003			
521.947729	13221	1919	6044			
522.053106	13180	1955	5940			
522.158483	12967	1888	6039			
522.26386	12957	1921	5965			
522.369237	13035	2008	5951			
522.474614	12863	1958	5981			
522.57999	13126	1910	6074			
522.685367	12906	1919	5997			
522.790743	12928	1966	6038			
522.896119	12952	1939	6056			
523.001495	12956	1989	5948			
523.10687	12886	2013	6091			
523.212246	12834	1986	5988			
523.317621	12772	1967	6001			
523.422996	12814	1931	5920			
523.528371	13129	1914	5923			
523.633745	12721	1953	5865			
523.73912	12774	1966	5922			
523.844494	12959	1906	5928			
523.949868	12781	1959	5990			
524.055242	12858	1934	5953			
524.160616	12958	1978	6006			
524.26599	12839	1928	5977			
524.371363	12937	1897	5862			
524.476737	12885	1953	5962			
524.58211	12771	1941	5911			
524.687482	12879	1901	5957			
524.792855	12813	1882	5811			
524.898228	12776	1928	5985			
525.0036	12731	1938	5954			
525.108972	12744	1906	5949			
525.214344	12751	1884	5855			
525.319716	12757	1919	5877			
525.425088	12726	1926	5904			
525.530459	12666	1889	5833			
525.63583	12678	1858	5897			
525.741201	12635	1897	5751			
525.846572	12763	1901	5735			
525.951943	12745	1967	5873			
526.057313	12594	1861	5866			
526.162684	12597	1885	5821			
526.268054	12623	1930	5913			
526.373424	12586	1973	5890			
526.478794	12516	1916	5766			
526.584163	12588	1916	5805			
526.689533	12647	1934	5861			
526.794902	12477	1871	5739			
526.900271	12343	1896	5787			
527.00564	12332	1965	5778			
527.111009	12459	1842	5778			
527.216377	12512	1903	5724			
527.321745	12589	1856	5734			
527.427114	12471	1871	5722			
527.532482	12510	1963	5735			
527.637849	12350	1937	5777			
527.743217	12449	1901	5648			
527.848584	12389	1874	5678			
527.953952	12469	1894	5773			
528.059319	12383	1866	5808			
528.164686	12310	1831	5778			
528.270052	12564	1873	5695			
528.375419	12564	1851	5655			
528.480785	12429	1938	5716			
528.586151	12316	1859	5695			
528.691517	12361	1895	5637			
528.796883	12120	1913	5668			
528.902249	12366	1882	5684			
529.007614	12274	1856	5660			
529.112979	12243	1919	5672			
529.218344	12266	1880	5775			
529.323709	12386	1887	5715			
529.429074	12193	1869	5748			
529.534439	12286	1875	5699			
529.639803	12176	1923	5674			
529.745167	12284	1945	5701			
529.850531	12243	1899	5719			
529.955895	12264	1851	5651			
530.061258	12170	1926	5596			
530.166622	12105	1868	5692			
530.271985	12168	1799	5638			
530.377348	12098	1839	5618			
530.482711	12081	1774	5595			
530.588074	12314	1863	5547			
530.693436	12210	1816	5676			
530.798798	12180	1903	5520			
530.904161	12167	1883	5556			
531.009522	12237	1783	5565			
531.114884	11899	1847	5654			
531.220246	12016	1850	5534			
531.325607	12213	1874	5468			
531.430968	12009	1929	5478			
531.53633	12064	1863	5605			
531.64169	12080	1855	5504			
531.747051	12019	1878	5595			
531.852412	12205	1866	5484			
531.957772	11984	1765	5532			
532.063132	11986	1827	5563			
532.168492	11945	1796	5618			
532.273852	11967	1810	5659			
532.379211	11999	1823	5552			
532.484571	11915	1861	5569			
532.58993	12016	1829	5536			
532.695289	12063	1887	5467			
532.800648	11902	1803	5449			
532.906006	11814	1773	5488			
533.011365	11968	1892	5548			
533.116723	11870	1870	5468			
533.222081	11834	1846	5482			
533.327439	11699	1846	5473			
533.432797	11909	1866	5512			
533.538154	11719	1797	5359			
533.643512	11885	1853	5330			
533.748869	11684	1822	5383			
533.854226	11865	1798	5430			
533.959583	11812	1801	5395			
534.064939	11912	1782	5515			
534.170296	11687	1804	5386			
534.275652	11904	1748	5400			
534.381008	11856	1778	5344			
534.486364	11813	1768	5520			
534.59172	11732	1833	5383			
534.697075	11686	1797	5360			
534.802431	11731	1822	5472			
534.907786	11567	1823	5401			
535.013141	11766	1835	5386			
535.118496	11892	1831	5368			
535.22385	11751	1790	5447			
535.329205	11554	1823	5336			
535.434559	11663	1779	5381			
535.539913	11835	1774	5349			
535.645267	11647	1871	5337			
535.750621	11737	1812	5367			
535.855974	11629	1865	5347			
535.961327	11540	1719	5430			
536.066681	11509	1780	5354			
536.172034	11538	1798	5327			
536.277386	11558	1797	5178			
536.382739	11609	1783	5315			
536.488091	11636	1825	5275			
536.593444	11565	1797	5198			
536.698796	11487	1844	5272			
536.804147	11393	1815	5233			
536.909499	11483	1782	5267			
537.014851	11523	1791	5384			
537.120202	11383	1813	5238			
537.225553	11455	1891	5347			
537.330904	11696	1869	5282			
537.436255	11457	1750	5271			
537.541605	11391	1761	5195			
537.646956	11415	1756	5247			
537.752306	11329	1839	5182			
537.857656	11421	1778	5255			
537.963006	11448	1757	5273			
538.068355	11586	1763	5180			
538.173705	11369	1748	5183			
538.279054	11346	1763	5319			
538.384403	11248	1753	5166			
538.489752	11409	1818	5224			
538.595101	11332	1793	5119			
538.700449	11233	1709	5207			
538.805798	11195	1791	5022			
538.911146	11345	1829	5213			
539.016494	11203	1774	5185			
539.121842	11191	1805	5191			
539.227189	11183	1784	5089			
539.332537	11256	1763	5194			
539.437884	11203	1781	5238			
539.543231	11131	1791	5185			
539.648578	11106	1837	5194			
539.753924	11101	1787	5134			
539.859271	11126	1697	5217			
539.964617	11109	1718	5181			
540.069963	11050	1702	5225			
540.175309	11073	1786	5225			
540.280655	11163	1741	5200			
540.386001	11110	1736	5176			
540.491346	11087	1697	5101			
540.596691	10830	1738	5283			
540.702036	10971	1778	5174			
540.807381	11103	1766	5086			
540.912726	10971	1725	5056			
541.01807	11115	1775	5271			
541.123414	11058	1785	5006			
541.228758	11121	1769	5200			
541.334102	11006	1767	5161			
541.439446	10872	1728	5061			
541.54479	10869	1671	5076			
541.650133	11127	1802	5046			
541.755476	10852	1736	5156			
541.860819	10933	1708	4936			
541.966162	10901	1792	5016			
542.071504	10901	1751	4994			
542.176847	11063	1748	5005			
542.282189	10745	1724	5040			
542.387531	11037	1750	5010			
542.492873	10818	1727	5127			
542.598215	10911	1771	5046			
542.703556	10871	1711	4922			
542.808897	10755	1686	5015			
542.914239	10753	1673	5044			
543.019579	10807	1726	5019			
543.12492	10862	1695	5012			
543.230261	10832	1680	4986			
543.335601	10604	1715	5118			
543.440941	10670	1718	5008			
543.546281	10624	1750	5038			
543.651621	10732	1704	4960			
543.756961	10840	1704	4988			
543.8623	10684	1751	5069			
543.967639	10534	1727	4984			
544.072978	10811	1695	4976			
544.178317	10768	1670	4946			
544.283656	10708	1741	4924			
544.388995	10587	1742	5038			
544.494333	10580	1682	4936			
544.599671	10578	1675	4946			
544.705009	10693	1727	4927			
544.810347	10742	1707	4841			
544.915684	10703	1726	4914			
545.021022	10741	1684	4846			
545.126359	10627	1694	4990			
545.231696	10611	1735	4869			
545.337033	10684	1641	4979			
545.442369	10643	1640	4888			
545.547706	10612	1700	4888			
545.653042	10570	1677	4892			
545.758378	10680	1716	4892			
545.863714	10468	1751	4846			
545.96905	10514	1656	4831			
546.074385	10470	1735	4941			
546.179721	10642	1661	4843			
546.285056	10403	1612	4910			
546.390391	10293	1663	4834			
546.495726	10477	1687	4902			
546.60106	10337	1624	4813			
546.706395	10412	1675	4933			
546.811729	10351	1678	4824			
546.917063	10530	1650	4839			
547.022397	10460	1640	4869			
547.12773	10284	1628	4889			
547.233064	10360	1637	4848			
547.338397	10299	1654	4663			
547.44373	10332	1587	4833			
547.549063	10536	1661	4948			
547.654396	10418	1645	4769			
547.759728	10314	1634	4865			
547.865061	10301	1668	4760			
547.970393	10339	1709	4829			
548.075725	10403	1739	4735			
548.181057	10318	1592	4729			
548.286388	10186	1668	4813			
548.39172	10264	1684	4792			
548.497051	10444	1656	4802			
548.602382	10354	1623	4808			
548.707713	10374	1614	4837			
548.813043	10318	1640	4754			
548.918374	10280	1601	4761			
549.023704	10287	1634	4731			
549.129034	10208	1599	4647			
549.234364	10186	1631	4687			
549.339694	10358	1665	4718			
549.445023	10310	1659	4818			
549.550353	10168	1580	4762			
549.655682	10106	1610	4700			
549.761011	10067	1691	4663			
549.86634	10110	1581	4634			
549.971668	10079	1598	4709			
550.076997	10185	1638	4692			
550.182325	10083	1639	4764			
550.287653	10050	1625	4633			
550.392981	10133	1609	4631			
550.498308	10128	1638	4621			
550.603636	9914	1645	4653			
550.708963	10092	1613	4701			
550.81429	9869	1665	4658			
550.919617	9970	1636	4637			
551.024944	10079	1623	4794			
551.13027	9906	1604	4546			
551.235597	9915	1602	4601			
551.340923	10078	1617	4640			
551.446249	9968	1592	4719			
551.551575	9927	1583	4653			
551.6569	9885	1660	4609			
551.762226	10077	1590	4554			
551.867551	9941	1680	4583			
551.972876	10102	1568	4556			
552.078201	9923	1582	4619			
552.183525	9974	1631	4633			
552.28885	9982	1586	4560			
552.394174	10030	1631	4589			
552.499498	9944	1591	4523			
552.604822	9963	1592	4509			
552.710146	9898	1595	4608			
552.815469	9846	1567	4557			
552.920793	9921	1592	4507			
553.026116	9810	1570	4551			
553.131439	9833	1539	4598			
553.236761	9821	1582	4571			
553.342084	9847	1600	4562			
553.447406	9787	1532	4532			
553.552729	9704	1559	4494			
553.658051	9729	1645	4528			
553.763372	9757	1554	4608			
553.868694	9736	1530	4626			
553.974015	9728	1602	4417			
554.079337	9615	1581	4483			
554.184658	9848	1593	4539			
554.289979	9819	1593	4479			
554.395299	9820	1631	4453			
554.50062	9671	1594	4421			
554.60594	9661	1514	4491			
554.71126	9503	1535	4423			
554.81658	9663	1624	4481			
554.9219	9683	1590	4535			
555.027219	9626	1523	4448			
555.132539	9673	1613	4421			
555.237858	9589	1539	4475			
555.343177	9657	1537	4513			
555.448496	9724	1523	4473			
555.553814	9634	1599	4449			
555.659133	9468	1541	4510			
555.764451	9510	1521	4355			
555.869769	9504	1604	4489			
555.975087	9570	1558	4364			
556.080405	9599	1634	4425			
556.185722	9601	1554	4406			
556.291039	9628	1537	4409			
556.396356	9533	1607	4444			
556.501673	9410	1473	4366			
556.60699	9561	1531	4411			
556.712307	9482	1520	4323			
556.817623	9451	1548	4428			
556.922939	9530	1559	4362			
557.028255	9491	1574	4437			
557.133571	9431	1581	4427			
557.238886	9454	1514	4352			
557.344202	9611	1516	4345			
557.449517	9338	1576	4392			
557.554832	9415	1516	4348			
557.660147	9442	1558	4276			
557.765461	9363	1539	4387			
557.870776	9292	1496	4327			
557.97609	9328	1547	4243			
558.081404	9428	1534	4321			
558.186718	9396	1483	4382			
558.292032	9333	1532	4340			
558.397345	9145	1513	4305			
558.502659	9210	1548	4259			
558.607972	9371	1553	4311			
558.713285	9319	1509	4350			
558.818597	9350	1501	4303			
558.92391	9273	1497	4202			
559.029222	9273	1497	4404			
559.134534	9343	1460	4278			
559.239846	9250	1535	4225			
559.345158	9187	1535	4337			
559.45047	9303	1537	4222			
559.555781	9212	1542	4237			
559.661092	9240	1552	4308			
559.766403	9090	1498	4200			
559.871714	9099	1533	4216			
559.977025	9069	1446	4329			
560.082335	9256	1498	4137			
560.187646	9127	1453	4178			
560.292956	9150	1497	4222			
560.398266	9033	1466	4248			
560.503575	9161	1495	4135			
560.608885	8975	1482	4113			
560.714194	9040	1485	4078			
560.819503	8992	1488	4235			
560.924812	8956	1443	4102			
561.030121	8879	1501	4178			
561.135429	8991	1513	4172			
561.240738	9010	1486	4188			
561.346046	8872	1446	4097			
561.451354	8931	1515	4095			
561.556662	8876	1457	4177			
561.661969	8899	1520	4172			
561.767277	8983	1454	4198			
561.872584	8899	1548	4109			
561.977891	9073	1489	4074			
562.083198	9004	1450	4162			
562.188504	8962	1460	4067			
562.293811	8791	1466	4072			
562.399117	8867	1461	4120			
562.504423	8910	1507	4067			
562.609729	8921	1472	4144			
562.715035	8856	1340	4097			
562.82034	8751	1465	4085			
562.925646	8823	1465	4071			
563.030951	8987	1498	4008			
563.136256	8733	1494	4021			
563.24156	8827	1459	4042			
563.346865	8843	1423	4075			
563.452169	8745	1413	4090			
563.557473	8717	1409	4030			
563.662777	8789	1482	4008			
563.768081	8764	1428	3979			
563.873385	8774	1480	3992			
563.978688	8594	1420	4026			
564.083991	8663	1457	4050			
564.189294	8684	1461	4005			
564.294597	8514	1512	4065			
564.3999	8669	1435	4108			
564.505202	8643	1423	4055			
564.610504	8713	1439	3994			
564.715806	8490	1462	4029			
564.821108	8642	1427	4028			
564.92641	8652	1406	3917			
565.031711	8667	1408	4033			
565.137013	8612	1436	4034			
565.242314	8497	1461	3948			
565.347615	8588	1462	3913			
565.452915	8647	1514	3993			
565.558216	8642	1460	3928			
565.663516	8597	1443	3936			
565.768816	8593	1442	3981			
565.874116	8564	1411	3961			
565.979416	8645	1412	3948			
566.084716	8461	1421	3968			
566.190015	8493	1400	3892			
566.295314	8573	1431	3992			
566.400613	8647	1351	3921			
566.505912	8479	1380	3908			
566.611211	8465	1400	3944			
566.716509	8539	1328	3835			
566.821807	8531	1389	3939			
566.927105	8482	1384	3866			
567.032403	8499	1428	3930			
567.137701	8479	1354	3957			
567.242998	8492	1378	3797			
567.348296	8405	1363	3885			
567.453593	8381	1369	3834			
567.558889	8389	1392	3837			
567.664186	8352	1385	3839			
567.769483	8350	1388	3879			
567.874779	8250	1377	3879			
567.980075	8181	1366	3838			
568.085371	8306	1426	3753			
568.190667	8291	1388	3801			
568.295962	8324	1373	3870			
568.401258	8344	1420	3784			
568.506553	8361	1333	3846			
568.611848	8347	1387	3803			
568.717142	8211	1380	3762			
568.822437	8208	1340	3796			
568.927731	8219	1381	3776			
569.033026	8255	1440	3793			
569.13832	8181	1366	3836			
569.243613	8259	1334	3808			
569.348907	8226	1340	3793			
569.4542	8184	1369	3710			
569.559494	8244	1314	3735			
569.664787	8029	1372	3761			
569.770079	8153	1347	3724			
569.875372	8202	1395	3803			
569.980665	8045	1324	3733			
570.085957	8219	1350	3810			
570.191249	8107	1358	3727			
570.296541	8126	1333	3674			
570.401832	8221	1359	3736			
570.507124	8063	1320	3739			
570.612415	8089	1387	3744			
570.717706	8128	1318	3750			
570.822997	8105	1369	3755			
570.928288	7950	1349	3697			
571.033578	8027	1359	3771			
571.138869	8151	1340	3635			
571.244159	8053	1333	3745			
571.349449	7998	1370	3690			
571.454739	7901	1352	3656			
571.560028	7917	1325	3694			
571.665317	8042	1383	3690			
571.770607	7892	1330	3589			
571.875896	7896	1269	3664			
571.981184	7887	1370	3666			
572.086473	7958	1312	3730			
572.191761	7776	1371	3621			
572.29705	7862	1303	3732			
572.402338	7812	1339	3630			
572.507625	7718	1321	3714			
572.612913	7765	1330	3543			
572.7182	7855	1360	3621			
572.823488	7864	1300	3504			
572.928775	7749	1354	3607			
573.034062	7753	1343	3626			
573.139348	7786	1278	3603			
573.244635	7821	1334	3569			
573.349921	7747	1368	3555			
573.455207	7794	1312	3597			
573.560493	7818	1319	3576			
573.665779	7815	1299	3584			
573.771064	7745	1281	3597			
573.876349	7744	1264	3491			
573.981634	7627	1310	3442			
574.086919	7700	1300	3534			
574.192204	7626	1351	3582			
574.297489	7710	1328	3556			
574.402773	7619	1377	3561			
574.508057	7551	1298	3629			
574.613341	7676	1390	3527			
574.718625	7637	1269	3562			
574.823908	7665	1275	3607			
574.929192	7523	1328	3525			
575.034475	7589	1258	3513			
575.139758	7595	1319	3459			
575.245041	7470	1295	3556			
575.350323	7560	1320	3602			
575.455606	7627	1283	3508			
575.560888	7367	1290	3559			
575.66617	7514	1280	3547			
575.771452	7520	1274	3580			
575.876733	7461	1274	3466			
575.982015	7471	1272	3428			
576.087296	7414	1342	3472			
576.192577	7439	1275	3481			
576.297858	7503	1222	3515			
576.403138	7293	1322	3522			
576.508419	7476	1291	3470			
576.613699	7439	1288	3454			
576.718979	7295	1295	3444			
576.824259	7347	1274	3411			
576.929539	7431	1310	3512			
577.034818	7403	1245	3509			
577.140097	7469	1356	3453			
577.245376	7296	1225	3427			
577.350655	7264	1239	3423			
577.455934	7415	1291	3412			
577.561213	7303	1253	3440			
577.666491	7322	1226	3527			
577.771769	7267	1232	3382			
577.877047	7256	1215	3428			
577.982325	7493	1298	3506			
578.087602	7299	1208	3348			
578.192879	7079	1283	3344			
578.298157	7320	1193	3319			
578.403434	7353	1265	3346			
578.50871	7423	1289	3326			
578.613987	7277	1254	3434			
578.719263	7218	1240	3399			
578.824539	7225	1237	3339			
578.929815	7159	1258	3387			
579.035091	7158	1259	3300			
579.140367	7085	1254	3300			
579.245642	7074	1223	3396			
579.350917	7143	1225	3273			
579.456192	7115	1273	3333			
579.561467	7070	1240	3371			
579.666742	7090	1231	3325			
579.772016	7049	1180	3281			
579.87729	7095	1231	3230			
579.982564	7047	1250	3293			
580.087838	7106	1197	3244			
580.193112	7015	1236	3315			
580.298385	6955	1206	3331			
580.403658	6894	1207	3290			
580.508931	7000	1225	3306			
580.614204	6958	1256	3341			
580.719477	6920	1193	3306			
580.824749	6966	1207	3294			
580.930022	6934	1182	3312			
581.035294	7007	1182	3258			
581.140566	6895	1193	3241			
581.245837	6994	1233	3269			
581.351109	6830	1179	3322			
581.45638	6980	1169	3273			
581.561651	6948	1222	3188			
581.666922	6899	1186	3277			
581.772193	6919	1232	3254			
581.877463	6905	1213	3297			
581.982733	6848	1211	3206			
582.088003	6866	1196	3292			
582.193273	6864	1227	3251			
582.298543	6934	1160	3141			
582.403813	6765	1175	3218			
582.509082	6883	1185	3161			
582.614351	6758	1229	3196			
582.71962	6850	1176	3170			
582.824889	6806	1172	3188			
582.930157	6709	1166	3122			
583.035426	6693	1193	3245			
583.140694	6776	1196	3162			
583.245962	6572	1221	3119			
583.351229	6715	1189	3118			
583.456497	6639	1208	3082			
583.561764	6686	1206	3224			
583.667032	6573	1193	3165			
583.772299	6483	1235	3162			
583.877565	6665	1146	3129			
583.982832	6668	1197	3194			
584.088098	6519	1144	3106			
584.193364	6547	1169	3182			
584.29863	6591	1238	3183			
584.403896	6429	1218	3205			
584.509162	6578	1159	3195			
584.614427	6519	1196	3173			
584.719692	6495	1190	3113			
584.824957	6503	1146	3207			
584.930222	6632	1155	3142			
585.035487	6577	1164	3081			
585.140751	6346	1104	3096			
585.246015	6558	1113	3126			
585.351279	6517	1150	3085			
585.456543	6552	1187	3078			
585.561807	6390	1149	3229			
585.66707	6486	1174	3099			
585.772334	6514	1125	3101			
585.877597	6419	1161	3084			
585.982859	6554	1171	3025			
586.088122	6472	1144	3026			
586.193385	6443	1134	3107			
586.298647	6434	1123	3069			
586.403909	6353	1114	3103			
586.509171	6379	1128	3059			
586.614432	6382	1130	3046			
586.719694	6361	1168	3001			
586.824955	6197	1102	3037			
586.930216	6332	1105	3023			
587.035477	6365	1182	3043			
587.140738	6313	1167	3079			
587.245998	6187	1110	2963			
587.351258	6332	1146	3050			
587.456519	6189	1128	2991			
587.561778	6285	1117	2997			
587.667038	6129	1094	2985			
587.772298	6204	1124	2920			
587.877557	6243	1116	3006			
587.982816	6231	1125	2998			
588.088075	6087	1119	2973			
588.193334	6170	1122	3030			
588.298592	6183	1115	2964			
588.40385	6109	1104	2988			
588.509108	6219	1093	2941			
588.614366	6140	1062	2971			
588.719624	6101	1147	3002			
588.824882	6087	1097	2991			
588.930139	6127	1105	3016			
589.035396	6206	1092	3055			
589.140653	6095	1130	2874			
589.24591	6136	1115	2937			
589.351166	6178	1116	2987			
589.456423	6094	1124	2977			
589.561679	6117	1056	2933			
589.666935	6132	1080	2909			
589.77219	6104	1061	2881			
589.877446	6045	1081	2897			
589.982701	6021	1076	2888			
590.087956	5970	1034	2976			
590.193211	6005	1111	2871			
590.298466	6037	1113	2865			
590.403721	5887	1100	2900			
590.508975	5984	1118	2925			
590.614229	6093	1111	2913			
590.719483	6030	1131	2912			
590.824737	5847	1054	2915			
590.92999	5830	1084	2852			
591.035244	5852	1038	2868			
591.140497	5833	1094	2883			
591.24575	5871	1114	2829			
591.351003	5868	1027	2857			
591.456255	6026	1007	2836			
591.561508	5755	1079	2818			
591.66676	5894	1070	2805			
591.772012	5745	1037	2841			
591.877264	5779	1033	2891			
591.982515	5825	1051	2862			
592.087766	5684	1040	2829			
592.193018	5731	1039	2861			
592.298269	5780	1008	2798			
592.403519	5865	1119	2809			
592.50877	5766	1073	2884			
592.61402	5780	1074	2809			
592.719271	5694	1071	2802			
592.824521	5743	1011	2829			
592.92977	5797	1114	2774			
593.03502	5830	1021	2736			
593.140269	5781	1012	2807			
593.245519	5604	1025	2822			
593.350768	5703	1010	2856			
593.456016	5772	1019	2742			
593.561265	5707	1054	2754			
593.666513	5736	1036	2811			
593.771762	5588	1048	2681			
593.87701	5662	1025	2820			
593.982257	5615	1055	2832			
594.087505	5648	977	2753			
594.192752	5510	1060	2774			
594.298	5546	1024	2739			
594.403247	5611	1002	2743			
594.508493	5533	1035	2736			
594.61374	5573	1000	2719			
594.718986	5564	1060	2710			
594.824233	5666	983	2769			
594.929479	5534	1006	2730			
595.034724	5598	1037	2752			
595.13997	5630	1024	2732			
595.245215	5459	1040	2817			
595.350461	5411	953	2782			
595.455706	5463	1013	2717			
595.560951	5401	1060	2708			
595.666195	5400	981	2730			
595.77144	5452	1030	2739			
595.876684	5384	1011	2694			
595.981928	5329	946	2659			
596.087172	5385	977	2764			
596.192415	5373	957	2671			
596.297659	5393	1029	2637			
596.402902	5317	993	2667			
596.508145	5373	943	2668			
596.613388	5417	972	2671			
596.71863	5393	1027	2712			
596.823873	5461	986	2723			
596.929115	5368	1006	2659			
597.034357	5339	1004	2651			
597.139599	5231	987	2728			
597.244841	5193	951	2663			
597.350082	5289	1059	2567			
597.455323	5285	984	2670			
597.560564	5256	1024	2624			
597.665805	5259	981	2615			
597.771046	5086	1033	2655			
597.876286	5145	1003	2712			
597.981526	5202	972	2640			
598.086766	5301	988	2574			
598.192006	5275	1003	2665			
598.297246	5150	1063	2547			
598.402485	5119	998	2583			
598.507724	5187	942	2602			
598.612964	5189	993	2671			
598.718202	5124	943	2592			
598.823441	4993	962	2605			
598.928679	5229	922	2569			
599.033918	5116	953	2570			
599.139156	5157	990	2590			
599.244393	5121	952	2626			
599.349631	5109	953	2529			
599.454869	5098	909	2578			
599.560106	5074	1032	2596			
599.665343	5097	940	2575			
599.77058	5016	938	2558			
599.875816	5073	974	2548			
599.981053	5132	960	2537			
600.086289	5058	964	2584			
600.191525	5038	994	2565			
600.296761	4969	934	2532			
600.401996	5095	919	2564			
600.507232	4942	903	2529			
600.612467	4996	935	2510			
600.717702	4936	955	2580			
600.822937	4969	931	2471			
600.928172	5089	905	2570			
601.033406	5002	1001	2527			
601.13864	5004	923	2540			
601.243874	4987	929	2567			
601.349108	4993	952	2498			
601.454342	4893	882	2500			
601.559575	4878	982	2445			
601.664808	5004	980	2525			
601.770041	4879	924	2506			
601.875274	4845	917	2500			
601.980507	4826	912	2516			
602.085739	4862	952	2465			
602.190971	4862	898	2477			
602.296203	4781	917	2443			
602.401435	4798	941	2489			
602.506667	4822	917	2509			
602.611898	4818	950	2419			
602.717129	4872	875	2479			
602.82236	4757	900	2514			
602.927591	4720	963	2410			
603.032822	4866	842	2363			
603.138052	4849	934	2430			
603.243282	4754	879	2478			
603.348512	4720	856	2509			
603.453742	4893	932	2451			
603.558972	4606	869	2378			
603.664201	4757	889	2431			
603.76943	4571	878	2456			
603.874659	4730	886	2371			
603.979888	4724	900	2405			
604.085117	4628	923	2372			
604.190345	4713	876	2339			
604.295573	4699	864	2446			
604.400801	4536	876	2388			
604.506029	4601	911	2431			
604.611257	4616	868	2445			
604.716484	4623	872	2409			
604.821711	4642	924	2411			
604.926938	4556	903	2426			
605.032165	4590	836	2266			
605.137392	4590	893	2382			
605.242618	4652	887	2403			
605.347844	4537	882	2392			
605.45307	4638	931	2381			
605.558296	4593	843	2359			
605.663522	4499	862	2348			
605.768747	4517	854	2347			
605.873972	4541	868	2451			
605.979197	4554	905	2419			
606.084422	4564	877	2360			
606.189646	4491	866	2337			
606.294871	4609	881	2369			
606.400095	4462	882	2376			
606.505319	4513	910	2402			
606.610543	4533	866	2320			
606.715766	4453	878	2347			
606.820989	4449	903	2297			
606.926213	4441	823	2280			
607.031436	4404	850	2298			
607.136658	4414	863	2334			
607.241881	4425	847	2355			
607.347103	4529	884	2350			
607.452325	4416	882	2320			
607.557547	4305	791	2288			
607.662769	4328	813	2267			
607.76799	4329	854	2283			
607.873212	4433	847	2306			
607.978433	4205	845	2265			
608.083654	4394	858	2280			
608.188875	4386	842	2215			
608.294095	4410	855	2308			
608.399315	4315	811	2241			
608.504536	4201	850	2191			
608.609755	4289	834	2286			
608.714975	4308	852	2261			
608.820195	4216	844	2242			
608.925414	4336	833	2235			
609.030633	4332	849	2279			
609.135852	4336	800	2276			
609.241071	4186	865	2213			
609.346289	4228	854	2230			
609.451507	4294	824	2277			
609.556725	4294	817	2298			
609.661943	4226	809	2171			
609.767161	4241	799	2227			
609.872379	4191	873	2182			
609.977596	4272	847	2198			
610.082813	4169	798	2236			
610.18803	4287	777	2231			
610.293246	4230	812	2248			
610.398463	4188	811	2227			
610.503679	4113	789	2206			
610.608895	4201	776	2231			
610.714111	4125	845	2241			
610.819327	4203	821	2182			
610.924542	4078	760	2168			
611.029757	4231	782	2162			
611.134972	4269	776	2151			
611.240187	4135	858	2193			
611.345402	4141	848	2158			
611.450616	4006	812	2118			
611.555831	4111	768	2149			
611.661045	4044	794	2079			
611.766258	4000	802	2197			
611.871472	4066	805	2086			
611.976685	3936	801	2132			
612.081899	4085	764	2138			
612.187112	3953	770	2113			
612.292324	3896	799	2119			
612.397537	4015	781	2062			
612.502749	3952	790	2134			
612.607962	3910	771	2114			
612.713174	3943	801	2116			
612.818385	3994	799	2156			
612.923597	3920	769	2064			
613.028808	3948	775	2114			
613.13402	3987	751	2182			
613.239231	3911	747	2119			
613.344441	3904	771	2057			
613.449652	3902	798	2129			
613.554862	3975	790	2133			
613.660072	3949	759	2101			
613.765282	4010	836	2108			
613.870492	3975	804	2160			
613.975702	3914	790	2054			
614.080911	3866	764	2179			
614.18612	3822	817	2060			
614.291329	3789	749	2151			
614.396538	3855	759	2142			
614.501746	3944	796	2025			
614.606955	3941	762	2028			
614.712163	3847	772	2052			
614.817371	3851	812	2043			
614.922578	3948	728	2007			
615.027786	3804	729	2027			
615.132993	3791	726	1976			
615.2382	3783	780	2075			
615.343407	3828	692	1996			
615.448614	3848	778	2013			
615.55382	3751	712	2065			
615.659027	3937	707	2005			
615.764233	3783	751	1991			
615.869439	3829	767	2034			
615.974644	3841	706	2014			
616.07985	3762	744	2015			
616.185055	3797	722	2020			
616.29026	3688	733	2040			
616.395465	3845	745	1971			
616.500669	3707	721	2006			
616.605874	3681	763	1975			
616.711078	3634	762	1942			
616.816282	3671	720	1965			
616.921486	3573	679	2031			
617.02669	3794	748	2009			
617.131893	3662	733	1926			
617.237096	3722	716	1971			
617.342299	3654	722	1942			
617.447502	3639	716	2019			
617.552705	3643	757	1921			
617.657907	3643	733	1963			
617.763109	3598	737	2017			
617.868311	3644	719	1988			
617.973513	3594	718	1895			
618.078715	3628	731	1981			
618.183916	3635	717	1925			
618.289117	3651	741	1903			
618.394318	3582	701	1918			
618.499519	3613	731	1982			
618.604719	3608	693	1936			
618.70992	3634	704	1946			
618.81512	3541	731	1948			
618.92032	3666	737	1945			
619.025519	3584	689	1882			
619.130719	3557	721	1910			
619.235918	3530	681	1982			
619.341117	3517	692	1908			
619.446316	3543	716	1911			
619.551515	3574	710	1876			
619.656713	3464	703	1894			
619.761912	3549	660	1885			
619.86711	3461	719	1865			
619.972308	3484	717	1957			
620.077505	3483	708	1891			
620.182703	3454	687	1867			
620.2879	3488	695	1818			
620.393097	3445	678	1837			
620.498294	3342	672	1876			
620.603491	3428	698	1878			
620.708687	3465	701	1879			
620.813883	3411	711	1884			
620.919079	3422	689	1855			
621.024275	3431	717	1800			
621.129471	3328	703	1886			
621.234666	3323	675	1827			
621.339861	3356	690	1829			
621.445056	3343	689	1862			
621.550251	3298	705	1839			
621.655446	3279	669	1852			
621.76064	3309	677	1830			
621.865834	3380	697	1754			
621.971028	3362	734	1865			
622.076222	3399	741	1770			
622.181416	3310	728	1823			
622.286609	3412	674	1862			
622.391802	3199	661	1809			
622.496995	3185	652	1838			
622.602188	3302	714	1873			
622.70738	3239	639	1784			
622.812573	3172	652	1770			
622.917765	3271	674	1779			
623.022957	3277	692	1825			
623.128148	3179	669	1798			
623.23334	3233	685	1779			
623.338531	3310	638	1793			
623.443722	3201	639	1769			
623.548913	3270	641	1669			
623.654104	3203	640	1737			
623.759294	3283	637	1732			
623.864485	3191	685	1834			
623.969675	3157	655	1712			
624.074865	3255	633	1744			
624.180054	3239	656	1675			
624.285244	3154	647	1739			
624.390433	3135	676	1702			
624.495622	3198	698	1776			
624.600811	3104	630	1736			
624.705999	3081	646	1674			
624.811188	3096	653	1775			
624.916376	3112	645	1724			
625.021564	3124	652	1742			
625.126752	3185	688	1773			
625.231939	3177	631	1731			
625.337127	3105	624	1733			
625.442314	3126	673	1723			
625.547501	3074	652	1740			
625.652687	3066	614	1688			
625.757874	3081	653	1732			
625.86306	3041	638	1706			
625.968246	3080	622	1714			
626.073432	3053	627	1654			
626.178618	3091	641	1718			
626.283804	2995	614	1728			
626.388989	3141	664	1715			
626.494174	3045	601	1692			
626.599359	3025	609	1678			
626.704544	3007	612	1651			
626.809728	2999	598	1666			
626.914912	2994	609	1650			
627.020096	2955	633	1661			
627.12528	2993	642	1674			
627.230464	3011	637	1718			
627.335647	2994	640	1656			
627.440831	2972	632	1729			
627.546014	3050	614	1654			
627.651196	2978	595	1672			
627.756379	2971	602	1713			
627.861561	2980	571	1682			
627.966744	2925	639	1606			
628.071926	3036	638	1674			
628.177107	2969	578	1634			
628.282289	3005	596	1621			
628.38747	2936	589	1661			
628.492651	3013	626	1631			
628.597832	2963	608	1615			
628.703013	2927	610	1648			
628.808194	3014	602	1648			
628.913374	2912	580	1646			
629.018554	2955	606	1614			
629.123734	2878	587	1613			
629.228914	2925	630	1616			
629.334093	2928	582	1580			
629.439272	2923	594	1611			
629.544452	2898	583	1577			
629.64963	2886	579	1649			
629.754809	2899	611	1572			
629.859988	2896	606	1587			
629.965166	2801	601	1607			
630.070344	2820	581	1573			
630.175522	2796	584	1589			
630.280699	2825	585	1617			
630.385877	2832	568	1578			
630.491054	2743	550	1548			
630.596231	2809	592	1567			
630.701408	2799	589	1569			
630.806584	2800	625	1562			
630.911761	2817	577	1545			
631.016937	2780	581	1578			
631.122113	2821	612	1631			
631.227288	2838	600	1565			
631.332464	2842	541	1510			
631.437639	2803	560	1624			
631.542814	2773	578	1514			
631.647989	2721	586	1587			
631.753164	2760	593	1588			
631.858339	2801	539	1504			
631.963513	2715	565	1518			
632.068687	2764	577	1526			
632.173861	2795	596	1547			
632.279034	2802	542	1562			
632.384208	2697	592	1536			
632.489381	2683	565	1533			
632.594554	2804	552	1472			
632.699727	2765	534	1516			
632.8049	2782	547	1543			
632.910072	2663	551	1543			
633.015244	2758	603	1517			
633.120416	2704	555	1532			
633.225588	2704	558	1550			
633.33076	2760	559	1548			
633.435931	2689	554	1553			
