	gC3N4		g-C3N4 hyb		PhCN		PhCN/Rutile		PhCN/anatase
0.5188292	19	0.5030343	14	0.5148802	6	0.5069827	3	0.5148802	1
0.5208038	12	0.5050085	14	0.5168547	4	0.5089571	1	0.5168547	5
0.5227784	8	0.5069827	9	0.5188292	10	0.5109314	3	0.5188292	5
0.524753	16	0.5089571	13	0.5208038	3	0.5129058	4	0.5208038	3
0.5267277	17	0.5109314	14	0.5227784	6	0.5148802	2	0.5227784	5
0.5287024	5	0.5129058	6	0.524753	8	0.5168547	8	0.524753	4
0.5306772	23	0.5148802	9	0.5267277	5	0.5188292	8	0.5267277	7
0.532652	31	0.5168547	6	0.5287024	9	0.5208038	4	0.5287024	3
0.5346268	49	0.5188292	16	0.5306772	7	0.5227784	4	0.5306772	14
0.5366017	53	0.5208038	8	0.532652	17	0.524753	2	0.532652	10
0.5385767	70	0.5227784	13	0.5346268	28	0.5267277	8	0.5346268	16
0.5405516	82	0.524753	11	0.5366017	21	0.5287024	9	0.5366017	23
0.5425266	113	0.5267277	15	0.5385767	36	0.5306772	14	0.5385767	20
0.5445017	290	0.5287024	19	0.5405516	53	0.532652	15	0.5405516	45
0.5464767	808	0.5306772	27	0.5425266	116	0.5346268	12	0.5425266	74
0.5484518	2360	0.532652	37	0.5445017	252	0.5366017	25	0.5445017	210
0.550427	5354	0.5346268	43	0.5464767	677	0.5385767	20	0.5464767	558
0.5524022	9249	0.5366017	55	0.5484518	1514	0.5405516	33	0.5484518	1311
0.5543774	13034	0.5385767	75	0.550427	2717	0.5425266	71	0.550427	2404
0.5563527	14671	0.5405516	97	0.5524022	4167	0.5445017	244	0.5524022	3586
0.558328	14592	0.5425266	152	0.5543774	5454	0.5464767	549	0.5543774	4359
0.5603033	12739	0.5445017	388	0.5563527	5998	0.5484518	1334	0.5563527	4488
0.5622787	10105	0.5464767	1371	0.558328	5704	0.550427	2513	0.558328	4050
0.5642542	7991	0.5484518	3431	0.5603033	5111	0.5524022	3766	0.5603033	3193
0.5662296	6170	0.550427	6631	0.5622787	4345	0.5543774	4640	0.5622787	2556
0.5682051	4839	0.5524022	10600	0.5642542	3655	0.5563527	4630	0.5642542	1937
0.5701806	3453	0.5543774	13422	0.5662296	3042	0.558328	4125	0.5662296	1447
0.5721561	2577	0.5563527	14529	0.5682051	2648	0.5603033	3327	0.5682051	1072
0.5741317	1867	0.558328	13567	0.5701806	2158	0.5622787	2680	0.5701806	796
0.5761073	1386	0.5603033	11733	0.5721561	1829	0.5642542	2181	0.5721561	619
0.578083	1175	0.5622787	9560	0.5741317	1516	0.5662296	1610	0.5741317	447
0.5800586	876	0.5642542	7326	0.5761073	1300	0.5682051	1220	0.5761073	455
0.5820343	750	0.5662296	5857	0.578083	1171	0.5701806	936	0.578083	340
0.5840101	665	0.5682051	4310	0.5800586	1034	0.5721561	746	0.5800586	313
0.5859859	543	0.5701806	3231	0.5820343	958	0.5741317	617	0.5820343	263
0.5879617	452	0.5721561	2322	0.5840101	895	0.5761073	505	0.5840101	216
0.5899375	380	0.5741317	1797	0.5859859	772	0.578083	406	0.5859859	209
0.5919134	386	0.5761073	1398	0.5879617	822	0.5800586	379	0.5879617	182
0.5938893	343	0.578083	1158	0.5899375	739	0.5820343	350	0.5899375	186
0.5958652	319	0.5800586	1044	0.5919134	671	0.5840101	299	0.5919134	189
0.5978411	286	0.5820343	820	0.5938893	652	0.5859859	256	0.5938893	157
0.5998172	259	0.5840101	677	0.5958652	621	0.5879617	262	0.5958652	144
0.6017932	263	0.5859859	591	0.5978411	604	0.5899375	226	0.5978411	155
0.6037692	278	0.5879617	515	0.5998172	586	0.5919134	223	0.5998172	112
0.6057453	211	0.5899375	495	0.6017932	529	0.5938893	185	0.6017932	119
0.6077214	218	0.5919134	435	0.6037692	491	0.5958652	197	0.6037692	122
0.6096975	211	0.5938893	370	0.6057453	487	0.5978411	166	0.6057453	120
0.6116737	185	0.5958652	363	0.6077214	478	0.5998172	185	0.6077214	101
0.6136498	184	0.5978411	311	0.6096975	480	0.6017932	189	0.6096975	109
0.6156261	151	0.5998172	330	0.6116737	402	0.6037692	168	0.6116737	92
0.6176023	153	0.6017932	306	0.6136498	408	0.6057453	149	0.6136498	92
0.6195786	140	0.6037692	253	0.6156261	415	0.6077214	136	0.6156261	92
0.6215549	161	0.6057453	249	0.6176023	386	0.6096975	137	0.6176023	94
0.6235312	134	0.6077214	238	0.6195786	354	0.6116737	138	0.6195786	79
0.6255075	118	0.6096975	222	0.6215549	354	0.6136498	125	0.6215549	88
0.6274839	132	0.6116737	230	0.6235312	371	0.6156261	124	0.6235312	74
0.6294603	108	0.6136498	193	0.6255075	299	0.6176023	123	0.6255075	67
0.6314366	104	0.6156261	180	0.6274839	334	0.6195786	109	0.6274839	59
0.6334131	125	0.6176023	177	0.6294603	347	0.6215549	89	0.6294603	69
0.6353896	100	0.6195786	185	0.6314366	330	0.6235312	109	0.6314366	68
0.6373661	92	0.6215549	182	0.6334131	277	0.6255075	104	0.6334131	58
0.6393426	111	0.6235312	166	0.6353896	286	0.6274839	103	0.6353896	59
0.6413191	70	0.6255075	166	0.6373661	262	0.6294603	83	0.6373661	60
0.6432957	79	0.6274839	153	0.6393426	318	0.6314366	68	0.6393426	56
0.6452723	95	0.6294603	127	0.6413191	289	0.6334131	88	0.6413191	49
0.6472489	74	0.6314366	126	0.6432957	253	0.6353896	74	0.6432957	57
0.6492255	101	0.6334131	142	0.6452723	255	0.6373661	85	0.6452723	47
0.6512021	78	0.6353896	150	0.6472489	223	0.6393426	83	0.6472489	48
0.6531788	72	0.6373661	135	0.6492255	264	0.6413191	93	0.6492255	56
0.6551555	75	0.6393426	105	0.6512021	235	0.6432957	73	0.6512021	40
0.6571322	64	0.6413191	111	0.6531788	206	0.6452723	80	0.6531788	45
0.6591089	72	0.6432957	100	0.6551555	238	0.6472489	77	0.6551555	39
0.6610857	52	0.6452723	119	0.6571322	226	0.6492255	69	0.6571322	43
0.6630624	76	0.6472489	104	0.6591089	218	0.6512021	78	0.6591089	51
0.6650391	80	0.6492255	89	0.6610857	233	0.6531788	64	0.6610857	52
0.667016	75	0.6512021	82	0.6630624	221	0.6551555	61	0.6630624	41
0.6689928	62	0.6531788	91	0.6650391	182	0.6571322	63	0.6650391	25
0.6709697	55	0.6551555	89	0.667016	200	0.6591089	53	0.667016	48
0.6729465	53	0.6571322	102	0.6689928	190	0.6610857	54	0.6689928	29
0.6749234	51	0.6591089	93	0.6709697	177	0.6630624	49	0.6709697	35
0.6769002	49	0.6610857	92	0.6729465	174	0.6650391	50	0.6729465	25
0.6788771	52	0.6630624	74	0.6749234	185	0.667016	72	0.6749234	36
0.6808541	54	0.6650391	69	0.6769002	187	0.6689928	60	0.6769002	26
0.682831	50	0.667016	79	0.6788771	177	0.6709697	45	0.6788771	24
0.684808	63	0.6689928	78	0.6808541	166	0.6729465	61	0.6808541	34
0.686785	58	0.6709697	71	0.682831	160	0.6749234	50	0.682831	35
0.6887619	60	0.6729465	78	0.684808	167	0.6769002	42	0.684808	23
0.6907389	53	0.6749234	74	0.686785	157	0.6788771	42	0.686785	26
0.6927159	38	0.6769002	68	0.6887619	152	0.6808541	43	0.6887619	23
0.6946929	50	0.6788771	73	0.6907389	158	0.682831	42	0.6907389	28
0.69667	42	0.6808541	58	0.6927159	163	0.684808	52	0.6927159	16
0.6986471	46	0.682831	66	0.6946929	159	0.686785	38	0.6946929	19
0.7006242	58	0.684808	67	0.69667	153	0.6887619	47	0.69667	26
0.7026013	49	0.686785	56	0.6986471	126	0.6907389	32	0.6986471	30
0.7045783	39	0.6887619	67	0.7006242	147	0.6927159	37	0.7006242	22
0.7065554	34	0.6907389	61	0.7026013	143	0.6946929	50	0.7026013	22
0.7085325	48	0.6927159	57	0.7045783	151	0.69667	40	0.7045783	23
0.7105096	36	0.6946929	56	0.7065554	119	0.6986471	33	0.7065554	22
0.7124867	43	0.69667	55	0.7085325	122	0.7006242	37	0.7085325	21
0.7144639	43	0.6986471	65	0.7105096	107	0.7026013	36	0.7105096	19
0.7164411	35	0.7006242	53	0.7124867	121	0.7045783	38	0.7124867	17
0.7184183	33	0.7026013	56	0.7144639	131	0.7065554	20	0.7144639	20
0.7203955	33	0.7045783	48	0.7164411	108	0.7085325	28	0.7164411	22
0.7223727	38	0.7065554	57	0.7184183	112	0.7105096	25	0.7184183	16
0.7243499	39	0.7085325	52	0.7203955	108	0.7124867	40	0.7203955	17
0.7263271	33	0.7105096	46	0.7223727	125	0.7144639	31	0.7223727	13
0.7283043	41	0.7124867	40	0.7243499	107	0.7164411	28	0.7243499	15
0.7302815	36	0.7144639	57	0.7263271	118	0.7184183	31	0.7263271	22
0.7322587	31	0.7164411	29	0.7283043	105	0.7203955	25	0.7283043	17
0.7342359	28	0.7184183	52	0.7302815	122	0.7223727	30	0.7302815	14
0.7362131	21	0.7203955	44	0.7322587	104	0.7243499	34	0.7322587	14
0.7381904	29	0.7223727	42	0.7342359	104	0.7263271	23	0.7342359	21
0.7401676	22	0.7243499	43	0.7362131	98	0.7283043	29	0.7362131	17
0.7421449	28	0.7263271	38	0.7381904	90	0.7302815	29	0.7381904	20
0.7441222	38	0.7283043	41	0.7401676	103	0.7322587	34	0.7401676	15
0.7460995	24	0.7302815	33	0.7421449	87	0.7342359	44	0.7421449	18
0.7480769	26	0.7322587	41	0.7441222	103	0.7362131	20	0.7441222	18
0.7500542	41	0.7342359	32	0.7460995	96	0.7381904	23	0.7460995	15
0.7520315	35	0.7362131	37	0.7480769	86	0.7401676	30	0.7480769	21
0.7540088	25	0.7381904	38	0.7500542	92	0.7421449	24	0.7500542	16
0.7559862	35	0.7401676	53	0.7520315	87	0.7441222	22	0.7520315	26
0.7579635	37	0.7421449	41	0.7540088	96	0.7460995	29	0.7540088	18
0.7599408	19	0.7441222	49	0.7559862	89	0.7480769	27	0.7559862	11
0.7619181	29	0.7460995	40	0.7579635	88	0.7500542	32	0.7579635	17
0.7638955	27	0.7480769	42	0.7599408	88	0.7520315	23	0.7599408	14
0.7658728	23	0.7500542	33	0.7619181	79	0.7540088	22	0.7619181	5
0.7678501	24	0.7520315	38	0.7638955	95	0.7559862	20	0.7638955	13
0.7698274	33	0.7540088	30	0.7658728	84	0.7579635	16	0.7658728	8
0.7718047	21	0.7559862	40	0.7678501	94	0.7599408	24	0.7678501	14
0.7737821	20	0.7579635	33	0.7698274	55	0.7619181	27	0.7698274	15
0.7757594	26	0.7599408	38	0.7718047	75	0.7638955	19	0.7718047	15
0.7777367	25	0.7619181	34	0.7737821	68	0.7658728	18	0.7737821	16
0.779714	21	0.7638955	23	0.7757594	80	0.7678501	18	0.7757594	9
0.7816914	22	0.7658728	34	0.7777367	71	0.7698274	20	0.7777367	4
0.7836687	28	0.7678501	42	0.779714	74	0.7718047	23	0.779714	12
0.785646	21	0.7698274	46	0.7816914	63	0.7737821	21	0.7816914	13
0.7876233	28	0.7718047	35	0.7836687	84	0.7757594	21	0.7836687	7
0.7896007	26	0.7737821	28	0.785646	73	0.7777367	24	0.785646	10
0.791578	18	0.7757594	38	0.7876233	68	0.779714	20	0.7876233	9
0.7935553	22	0.7777367	35	0.7896007	62	0.7816914	14	0.7896007	8
0.7955326	16	0.779714	25	0.791578	67	0.7836687	27	0.791578	10
0.79751	30	0.7816914	23	0.7935553	53	0.785646	27	0.7935553	12
0.7994873	23	0.7836687	29	0.7955326	75	0.7876233	14	0.7955326	13
0.8014646	26	0.785646	22	0.79751	53	0.7896007	18	0.79751	10
0.8034419	18	0.7876233	27	0.7994873	56	0.791578	14	0.7994873	6
0.8054193	22	0.7896007	38	0.8014646	65	0.7935553	19	0.8014646	6
0.8073966	18	0.791578	36	0.8034419	61	0.7955326	14	0.8034419	17
0.8093739	14	0.7935553	25	0.8054193	70	0.79751	17	0.8054193	9
0.8113512	16	0.7955326	32	0.8073966	55	0.7994873	16	0.8073966	8
0.8133286	16	0.79751	30	0.8093739	56	0.8014646	15	0.8093739	9
0.8153059	21	0.7994873	33	0.8113512	56	0.8034419	17	0.8113512	11
0.8172832	21	0.8014646	21	0.8133286	42	0.8054193	14	0.8133286	9
0.8192605	22	0.8034419	23	0.8153059	60	0.8073966	15	0.8153059	9
0.8212378	25	0.8054193	25	0.8172832	60	0.8093739	10	0.8172832	10
0.823215	19	0.8073966	15	0.8192605	45	0.8113512	8	0.8192605	15
0.8251922	15	0.8093739	25	0.8212378	48	0.8133286	21	0.8212378	9
0.8271694	17	0.8113512	22	0.823215	48	0.8153059	18	0.823215	7
0.8291466	18	0.8133286	24	0.8251922	56	0.8172832	8	0.8251922	12
0.8311238	21	0.8153059	21	0.8271694	53	0.8192605	17	0.8271694	8
0.833101	16	0.8172832	27	0.8291466	45	0.8212378	11	0.8291466	9
0.8350782	16	0.8192605	22	0.8311238	48	0.823215	6	0.8311238	9
0.8370554	19	0.8212378	25	0.833101	48	0.8251922	16	0.833101	4
0.8390326	18	0.823215	29	0.8350782	52	0.8271694	12	0.8350782	10
0.8410099	18	0.8251922	25	0.8370554	46	0.8291466	14	0.8370554	8
0.8429871	17	0.8271694	25	0.8390326	62	0.8311238	8	0.8390326	8
0.8449643	19	0.8291466	29	0.8410099	40	0.833101	15	0.8410099	5
0.8469415	20	0.8311238	14	0.8429871	44	0.8350782	13	0.8429871	12
0.8489186	13	0.833101	21	0.8449643	54	0.8370554	12	0.8449643	8
0.8508957	16	0.8350782	23	0.8469415	53	0.8390326	16	0.8469415	3
0.8528728	11	0.8370554	22	0.8489186	37	0.8410099	8	0.8489186	9
0.8548499	17	0.8390326	16	0.8508957	46	0.8429871	16	0.8508957	8
0.856827	15	0.8410099	30	0.8528728	47	0.8449643	15	0.8528728	9
0.858804	9	0.8429871	18	0.8548499	42	0.8469415	11	0.8548499	8
0.8607811	18	0.8449643	20	0.856827	50	0.8489186	9	0.856827	7
0.8627582	19	0.8469415	21	0.858804	59	0.8508957	6	0.858804	5
0.8647353	16	0.8489186	25	0.8607811	58	0.8528728	5	0.8607811	10
0.8667124	17	0.8508957	33	0.8627582	50	0.8548499	6	0.8627582	7
0.8686894	19	0.8528728	24	0.8647353	40	0.856827	16	0.8647353	12
0.8706663	15	0.8548499	18	0.8667124	39	0.858804	11	0.8667124	5
0.8726433	20	0.856827	18	0.8686894	48	0.8607811	6	0.8686894	16
0.8746203	15	0.858804	18	0.8706663	33	0.8627582	10	0.8706663	3
0.8765972	17	0.8607811	21	0.8726433	56	0.8647353	13	0.8726433	6
0.8785742	19	0.8627582	27	0.8746203	44	0.8667124	9	0.8746203	8
0.8805512	19	0.8647353	22	0.8765972	40	0.8686894	12	0.8765972	5
0.8825281	19	0.8667124	20	0.8785742	39	0.8706663	8	0.8785742	11
0.884505	23	0.8686894	18	0.8805512	38	0.8726433	10	0.8805512	5
0.8864818	14	0.8706663	21	0.8825281	44	0.8746203	11	0.8825281	11
0.8884587	9	0.8726433	21	0.884505	34	0.8765972	5	0.884505	11
0.8904355	14	0.8746203	32	0.8864818	41	0.8785742	4	0.8864818	4
0.8924124	13	0.8765972	15	0.8884587	36	0.8805512	12	0.8884587	7
0.8943892	22	0.8785742	22	0.8904355	37	0.8825281	9	0.8904355	7
0.896366	19	0.8805512	26	0.8924124	38	0.884505	10	0.8924124	4
0.8983427	13	0.8825281	21	0.8943892	33	0.8864818	13	0.8943892	4
0.9003195	11	0.884505	15	0.896366	35	0.8884587	9	0.896366	4
0.9022962	15	0.8864818	27	0.8983427	38	0.8904355	9	0.8983427	5
0.9042729	7	0.8884587	26	0.9003195	34	0.8924124	7	0.9003195	5
0.9062496	15	0.8904355	20	0.9022962	31	0.8943892	14	0.9022962	8
0.9082263	14	0.8924124	17	0.9042729	41	0.896366	15	0.9042729	4
0.9102029	13	0.8943892	13	0.9062496	33	0.8983427	12	0.9062496	8
0.9121795	22	0.896366	23	0.9082263	28	0.9003195	7	0.9082263	7
0.9141561	14	0.8983427	17	0.9102029	28	0.9022962	6	0.9102029	7
0.9161327	10	0.9003195	18	0.9121795	31	0.9042729	10	0.9121795	2
0.9181094	13	0.9022962	12	0.9141561	41	0.9062496	8	0.9141561	7
0.9200858	12	0.9042729	20	0.9161327	33	0.9082263	12	0.9161327	2
0.9220623	20	0.9062496	21	0.9181094	36	0.9102029	3	0.9181094	9
0.9240388	14	0.9082263	21	0.9200858	36	0.9121795	7	0.9200858	5
0.9260153	11	0.9102029	21	0.9220623	35	0.9141561	7	0.9220623	7
0.9279918	11	0.9121795	17	0.9240388	35	0.9161327	9	0.9240388	10
0.9299682	19	0.9141561	21	0.9260153	27	0.9181094	13	0.9260153	10
0.9319446	6	0.9161327	12	0.9279918	25	0.9200858	5	0.9279918	7
0.933921	19	0.9181094	9	0.9299682	30	0.9220623	6	0.9299682	4
0.9358974	23	0.9200858	16	0.9319446	26	0.9240388	4	0.9319446	6
0.9378737	15	0.9220623	21	0.933921	34	0.9260153	4	0.933921	4
0.93985	12	0.9240388	9	0.9358974	30	0.9279918	11	0.9358974	9
0.9418262	14	0.9260153	17	0.9378737	25	0.9299682	3	0.9378737	5
0.9438025	9	0.9279918	20	0.93985	29	0.9319446	4	0.93985	3
0.9457787	9	0.9299682	14	0.9418262	37	0.933921	7	0.9418262	5
0.9477549	8	0.9319446	18	0.9438025	29	0.9358974	8	0.9438025	5
0.9497311	14	0.933921	22	0.9457787	30	0.9378737	4	0.9457787	5
0.9517072	19	0.9358974	15	0.9477549	28	0.93985	7	0.9477549	5
0.9536833	13	0.9378737	14	0.9497311	20	0.9418262	10	0.9497311	8
0.9556594	12	0.93985	14	0.9517072	24	0.9438025	7	0.9517072	9
0.9576355	12	0.9418262	17	0.9536833	39	0.9457787	6	0.9536833	2
0.9596115	11	0.9438025	20	0.9556594	29	0.9477549	9	0.9556594	4
0.9615875	11	0.9457787	17	0.9576355	25	0.9497311	7	0.9576355	2
0.9635635	17	0.9477549	11	0.9596115	26	0.9517072	11	0.9596115	8
0.9655394	15	0.9497311	15	0.9615875	30	0.9536833	5	0.9615875	4
0.9675153	13	0.9517072	18	0.9635635	24	0.9556594	4	0.9635635	2
0.9694912	19	0.9536833	13	0.9655394	28	0.9576355	4	0.9655394	4
0.9714671	8	0.9556594	15	0.9675153	36	0.9596115	8	0.9675153	7
0.9734429	9	0.9576355	13	0.9694912	22	0.9615875	9	0.9694912	2
0.9754186	17	0.9596115	20	0.9714671	21	0.9635635	3	0.9714671	4
0.9773944	12	0.9615875	11	0.9734429	37	0.9655394	7	0.9734429	9
0.9793702	5	0.9635635	12	0.9754186	22	0.9675153	2	0.9754186	1
0.9813458	8	0.9655394	18	0.9773944	23	0.9694912	8	0.9773944	7
0.9833215	15	0.9675153	13	0.9793702	29	0.9714671	8	0.9793702	5
0.9852971	11	0.9694912	17	0.9813458	26	0.9734429	6	0.9813458	5
0.9872727	12	0.9714671	10	0.9833215	19	0.9754186	10	0.9833215	4
0.9892483	8	0.9734429	19	0.9852971	21	0.9773944	8	0.9852971	4
0.9912238	7	0.9754186	24	0.9872727	19	0.9793702	4	0.9872727	5
0.9931993	11	0.9773944	15	0.9892483	29	0.9813458	7	0.9892483	7
0.9951748	9	0.9793702	14	0.9912238	30	0.9833215	6	0.9912238	5
0.9971502	16	0.9813458	12	0.9931993	28	0.9852971	3	0.9931993	2
0.9991256	14	0.9833215	15	0.9951748	19	0.9872727	8	0.9951748	3
1.001101	13	0.9852971	19	0.9971502	36	0.9892483	9	0.9971502	10
1.003076	10	0.9872727	13	0.9991256	34	0.9912238	3	0.9991256	0
1.005051	6	0.9892483	6	1.001101	26	0.9931993	6	1.001101	5
1.007027	13	0.9912238	12	1.003076	21	0.9951748	7	1.003076	3
1.009002	17	0.9931993	12	1.005051	24	0.9971502	7	1.005051	5
1.010977	9	0.9951748	20	1.007027	26	0.9991256	6	1.007027	6
1.012952	11	0.9971502	8	1.009002	21	1.001101	5	1.009002	4
1.014927	11	0.9991256	6	1.010977	38	1.003076	6	1.010977	15
1.016902	16	1.001101	11	1.012952	29	1.005051	4	1.012952	5
1.018878	17	1.003076	12	1.014927	25	1.007027	7	1.014927	0
1.020853	16	1.005051	12	1.016902	22	1.009002	4	1.016902	0
1.022828	20	1.007027	18	1.018878	31	1.010977	6	1.018878	4
1.024802	11	1.009002	15	1.020853	30	1.012952	5	1.020853	4
1.026777	13	1.010977	14	1.022828	27	1.014927	8	1.022828	3
1.028752	8	1.012952	11	1.024802	29	1.016902	6	1.024802	1
1.030727	15	1.014927	13	1.026777	20	1.018878	3	1.026777	4
1.032702	13	1.016902	14	1.028752	24	1.020853	5	1.028752	4
1.034676	13	1.018878	14	1.030727	30	1.022828	4	1.030727	5
1.036651	14	1.020853	12	1.032702	15	1.024802	5	1.032702	1
1.038625	8	1.022828	11	1.034676	20	1.026777	7	1.034676	2
1.0406	7	1.024802	7	1.036651	23	1.028752	10	1.036651	1
1.042575	17	1.026777	21	1.038625	17	1.030727	5	1.038625	1
1.044549	13	1.028752	13	1.0406	32	1.032702	5	1.0406	5
1.046524	10	1.030727	11	1.042575	26	1.034676	8	1.042575	3
1.048498	8	1.032702	13	1.044549	17	1.036651	5	1.044549	6
1.050472	9	1.034676	21	1.046524	29	1.038625	6	1.046524	5
1.052447	14	1.036651	18	1.048498	20	1.0406	6	1.048498	4
1.054421	12	1.038625	16	1.050472	22	1.042575	13	1.050472	2
1.056395	8	1.0406	9	1.052447	19	1.044549	6	1.052447	5
1.05837	10	1.042575	12	1.054421	26	1.046524	5	1.054421	5
1.060344	7	1.044549	9	1.056395	21	1.048498	6	1.056395	3
1.062318	9	1.046524	10	1.05837	16	1.050472	8	1.05837	0
1.064292	10	1.048498	10	1.060344	15	1.052447	6	1.060344	5
1.066266	6	1.050472	9	1.062318	12	1.054421	6	1.062318	3
1.06824	12	1.052447	13	1.064292	14	1.056395	3	1.064292	5
1.070214	7	1.054421	20	1.066266	24	1.05837	5	1.066266	4
1.072188	8	1.056395	14	1.06824	18	1.060344	8	1.06824	2
1.074161	6	1.05837	14	1.070214	15	1.062318	5	1.070214	1
1.076135	8	1.060344	9	1.072188	19	1.064292	5	1.072188	3
1.078109	11	1.062318	6	1.074161	17	1.066266	8	1.074161	5
1.080083	9	1.064292	22	1.076135	26	1.06824	4	1.076135	8
1.082056	7	1.066266	11	1.078109	18	1.070214	6	1.078109	6
1.08403	11	1.06824	9	1.080083	20	1.072188	5	1.080083	10
1.086003	17	1.070214	10	1.082056	15	1.074161	1	1.082056	6
1.087977	10	1.072188	11	1.08403	29	1.076135	8	1.08403	3
1.08995	4	1.074161	15	1.086003	25	1.078109	2	1.086003	4
1.091924	8	1.076135	8	1.087977	21	1.080083	5	1.087977	4
1.093897	15	1.078109	11	1.08995	20	1.082056	2	1.08995	5
1.09587	8	1.080083	7	1.091924	17	1.08403	6	1.091924	2
1.097843	10	1.082056	9	1.093897	20	1.086003	2	1.093897	9
1.099817	5	1.08403	4	1.09587	28	1.087977	6	1.09587	3
1.10179	8	1.086003	13	1.097843	19	1.08995	6	1.097843	4
1.103763	7	1.087977	10	1.099817	18	1.091924	7	1.099817	2
1.105736	9	1.08995	6	1.10179	24	1.093897	6	1.10179	4
1.107709	5	1.091924	11	1.103763	18	1.09587	5	1.103763	3
1.109682	8	1.093897	10	1.105736	8	1.097843	3	1.105736	2
1.111655	13	1.09587	9	1.107709	23	1.099817	6	1.107709	4
1.113628	11	1.097843	12	1.109682	20	1.10179	2	1.109682	5
1.1156	13	1.099817	12	1.111655	15	1.103763	4	1.111655	7
1.117573	8	1.10179	11	1.113628	15	1.105736	1	1.113628	2
1.119546	9	1.103763	15	1.1156	20	1.107709	2	1.1156	2
1.121518	10	1.105736	8	1.117573	14	1.109682	3	1.117573	3
1.123491	7	1.107709	12	1.119546	21	1.111655	3	1.119546	2
1.125463	15	1.109682	8	1.121518	9	1.113628	1	1.121518	2
1.127436	4	1.111655	8	1.123491	20	1.1156	4	1.123491	2
1.129408	6	1.113628	8	1.125463	18	1.117573	2	1.125463	2
1.13138	11	1.1156	14	1.127436	15	1.119546	5	1.127436	3
1.133353	11	1.117573	12	1.129408	25	1.121518	3	1.129408	7
1.135325	10	1.119546	9	1.13138	14	1.123491	5	1.13138	5
1.137297	4	1.121518	14	1.133353	21	1.125463	3	1.133353	2
1.139269	10	1.123491	10	1.135325	12	1.127436	2	1.135325	4
1.141241	7	1.125463	12	1.137297	11	1.129408	5	1.137297	6
1.143213	6	1.127436	7	1.139269	13	1.13138	2	1.139269	4
1.145185	7	1.129408	12	1.141241	7	1.133353	6	1.141241	3
1.147157	6	1.13138	16	1.143213	25	1.135325	8	1.143213	2
1.149128	13	1.133353	12	1.145185	15	1.137297	3	1.145185	2
1.1511	7	1.135325	12	1.147157	14	1.139269	6	1.147157	4
1.153072	8	1.137297	14	1.149128	22	1.141241	3	1.149128	1
1.155043	11	1.139269	15	1.1511	15	1.143213	2	1.1511	4
1.157015	3	1.141241	9	1.153072	14	1.145185	1	1.153072	0
1.158986	5	1.143213	7	1.155043	14	1.147157	4	1.155043	3
1.160958	10	1.145185	9	1.157015	19	1.149128	6	1.157015	6
1.162929	5	1.147157	8	1.158986	18	1.1511	7	1.158986	3
1.164901	11	1.149128	14	1.160958	16	1.153072	4	1.160958	1
1.166872	2	1.1511	8	1.162929	23	1.155043	3	1.162929	3
1.168843	6	1.153072	11	1.164901	16	1.157015	1	1.164901	5
1.170814	6	1.155043	7	1.166872	10	1.158986	2	1.166872	7
1.172785	5	1.157015	8	1.168843	13	1.160958	7	1.168843	1
1.174756	8	1.158986	13	1.170814	17	1.162929	8	1.170814	3
1.176727	13	1.160958	7	1.172785	22	1.164901	1	1.172785	4
1.178698	4	1.162929	10	1.174756	18	1.166872	4	1.174756	2
1.180669	5	1.164901	13	1.176727	15	1.168843	2	1.176727	1
1.182639	4	1.166872	12	1.178698	11	1.170814	4	1.178698	0
1.18461	8	1.168843	8	1.180669	10	1.172785	4	1.180669	3
1.186581	10	1.170814	10	1.182639	18	1.174756	2	1.182639	5
1.188551	8	1.172785	14	1.18461	11	1.176727	3	1.18461	1
1.190522	6	1.174756	14	1.186581	16	1.178698	2	1.186581	1
1.192492	6	1.176727	11	1.188551	14	1.180669	4	1.188551	2
1.194463	3	1.178698	11	1.190522	14	1.182639	6	1.190522	5
1.196433	2	1.180669	11	1.192492	15	1.18461	6	1.192492	2
1.198403	12	1.182639	9	1.194463	13	1.186581	2	1.194463	3
1.200373	4	1.18461	8	1.196433	25	1.188551	2	1.196433	1
1.202343	10	1.186581	11	1.198403	10	1.190522	4	1.198403	6
1.204313	8	1.188551	14	1.200373	15	1.192492	4	1.200373	5
1.206283	7	1.190522	7	1.202343	19	1.194463	3	1.202343	2
1.208253	9	1.192492	8	1.204313	11	1.196433	4	1.204313	4
1.210223	10	1.194463	12	1.206283	5	1.198403	2	1.206283	5
1.212193	11	1.196433	11	1.208253	12	1.200373	4	1.208253	2
1.214162	10	1.198403	11	1.210223	18	1.202343	3	1.210223	5
1.216132	2	1.200373	9	1.212193	16	1.204313	3	1.212193	5
1.218101	13	1.202343	17	1.214162	17	1.206283	6	1.214162	1
1.220071	10	1.204313	8	1.216132	17	1.208253	3	1.216132	2
1.22204	10	1.206283	4	1.218101	16	1.210223	4	1.218101	1
1.22401	10	1.208253	18	1.220071	14	1.212193	1	1.220071	4
1.225979	10	1.210223	12	1.22204	14	1.214162	1	1.22204	2
1.227948	11	1.212193	5	1.22401	11	1.216132	3	1.22401	2
1.229917	7	1.214162	3	1.225979	17	1.218101	3	1.225979	4
1.231886	4	1.216132	6	1.227948	23	1.220071	6	1.227948	2
1.233855	4	1.218101	10	1.229917	10	1.22204	5	1.229917	2
1.235824	8	1.220071	12	1.231886	15	1.22401	5	1.231886	1
1.237793	13	1.22204	6	1.233855	19	1.225979	3	1.233855	1
1.239761	4	1.22401	6	1.235824	13	1.227948	4	1.235824	2
1.24173	9	1.225979	10	1.237793	13	1.229917	2	1.237793	1
1.243699	6	1.227948	6	1.239761	20	1.231886	2	1.239761	0
1.245667	7	1.229917	12	1.24173	9	1.233855	5	1.24173	3
1.247635	7	1.231886	12	1.243699	6	1.235824	2	1.243699	1
1.249604	6	1.233855	10	1.245667	19	1.237793	5	1.245667	4
1.251572	7	1.235824	12	1.247635	15	1.239761	6	1.247635	0
1.25354	8	1.237793	4	1.249604	17	1.24173	1	1.249604	3
1.255508	4	1.239761	10	1.251572	9	1.243699	3	1.251572	0
1.257476	7	1.24173	10	1.25354	8	1.245667	5	1.25354	2
1.259444	5	1.243699	14	1.255508	12	1.247635	5	1.255508	2
1.261412	5	1.245667	3	1.257476	10	1.249604	7	1.257476	1
1.26338	4	1.247635	8	1.259444	11	1.251572	3	1.259444	2
1.265348	6	1.249604	11	1.261412	12	1.25354	3	1.261412	0
1.267316	9	1.251572	8	1.26338	11	1.255508	3	1.26338	6
1.269283	4	1.25354	10	1.265348	11	1.257476	3	1.265348	1
1.271251	7	1.255508	5	1.267316	7	1.259444	5	1.267316	5
1.273218	11	1.257476	7	1.269283	12	1.261412	2	1.269283	6
1.275185	6	1.259444	10	1.271251	12	1.26338	3	1.271251	5
1.277153	8	1.261412	8	1.273218	14	1.265348	4	1.273218	1
1.27912	8	1.26338	3	1.275185	13	1.267316	3	1.275185	4
1.281087	5	1.265348	7	1.277153	11	1.269283	4	1.277153	0
1.283054	8	1.267316	14	1.27912	18	1.271251	2	1.27912	4
1.285021	8	1.269283	11	1.281087	12	1.273218	1	1.281087	3
1.286988	12	1.271251	5	1.283054	9	1.275185	5	1.283054	1
1.288954	1	1.273218	12	1.285021	14	1.277153	5	1.285021	4
1.290921	8	1.275185	7	1.286988	11	1.27912	4	1.286988	3
1.292888	3	1.277153	4	1.288954	16	1.281087	4	1.288954	5
1.294854	7	1.27912	10	1.290921	14	1.283054	4	1.290921	1
1.296821	6	1.281087	11	1.292888	17	1.285021	4	1.292888	3
1.298787	10	1.283054	7	1.294854	12	1.286988	2	1.294854	2
1.300753	7	1.285021	7	1.296821	13	1.288954	2	1.296821	0
1.30272	15	1.286988	5	1.298787	16	1.290921	4	1.298787	8
1.304686	5	1.288954	4	1.300753	15	1.292888	4	1.300753	1
1.306652	8	1.290921	4	1.30272	13	1.294854	4	1.30272	5
1.308618	8	1.292888	7	1.304686	9	1.296821	2	1.304686	2
1.310583	10	1.294854	7	1.306652	15	1.298787	2	1.306652	1
1.312549	7	1.296821	12	1.308618	11	1.300753	2	1.308618	0
1.314515	8	1.298787	10	1.310583	14	1.30272	1	1.310583	6
1.316481	5	1.300753	13	1.312549	14	1.304686	5	1.312549	1
1.318446	6	1.30272	6	1.314515	8	1.306652	1	1.314515	1
1.320411	12	1.304686	7	1.316481	6	1.308618	4	1.316481	1
1.322377	7	1.306652	7	1.318446	8	1.310583	2	1.318446	6
1.324342	15	1.308618	10	1.320411	14	1.312549	2	1.320411	4
1.326307	9	1.310583	13	1.322377	12	1.314515	1	1.322377	1
1.328272	7	1.312549	10	1.324342	12	1.316481	3	1.324342	3
1.330237	7	1.314515	14	1.326307	14	1.318446	6	1.326307	3
1.332202	9	1.316481	9	1.328272	12	1.320411	3	1.328272	4
1.334167	5	1.318446	5	1.330237	7	1.322377	3	1.330237	2
1.336132	9	1.320411	7	1.332202	10	1.324342	3	1.332202	6
1.338096	7	1.322377	9	1.334167	7	1.326307	2	1.334167	3
1.340061	5	1.324342	8	1.336132	11	1.328272	9	1.336132	3
1.342025	9	1.326307	8	1.338096	10	1.330237	2	1.338096	1
1.343989	7	1.328272	12	1.340061	16	1.332202	2	1.340061	6
1.345954	4	1.330237	11	1.342025	7	1.334167	4	1.342025	4
1.347918	8	1.332202	8	1.343989	12	1.336132	5	1.343989	0
1.349882	4	1.334167	12	1.345954	7	1.338096	4	1.345954	2
1.351846	2	1.336132	7	1.347918	5	1.340061	5	1.347918	2
1.35381	6	1.338096	5	1.349882	14	1.342025	2	1.349882	1
1.355774	5	1.340061	5	1.351846	11	1.343989	4	1.351846	3
1.357737	4	1.342025	9	1.35381	8	1.345954	4	1.35381	4
1.359701	7	1.343989	13	1.355774	10	1.347918	1	1.355774	0
1.361664	5	1.345954	8	1.357737	8	1.349882	0	1.357737	1
1.363628	3	1.347918	13	1.359701	10	1.351846	2	1.359701	2
1.365591	6	1.349882	7	1.361664	14	1.35381	3	1.361664	3
1.367554	4	1.351846	7	1.363628	11	1.355774	3	1.363628	7
1.369517	5	1.35381	11	1.365591	13	1.357737	5	1.365591	1
1.37148	12	1.355774	11	1.367554	17	1.359701	4	1.367554	2
1.373443	7	1.357737	9	1.369517	12	1.361664	5	1.369517	1
1.375406	8	1.359701	8	1.37148	13	1.363628	5	1.37148	3
1.377369	8	1.361664	5	1.373443	12	1.365591	1	1.373443	3
1.379332	4	1.363628	7	1.375406	8	1.367554	8	1.375406	3
1.381294	5	1.365591	7	1.377369	5	1.369517	0	1.377369	2
1.383257	3	1.367554	12	1.379332	9	1.37148	4	1.379332	8
1.385219	6	1.369517	6	1.381294	9	1.373443	3	1.381294	1
1.387181	7	1.37148	4	1.383257	11	1.375406	4	1.383257	1
1.389143	10	1.373443	6	1.385219	12	1.377369	4	1.385219	1
1.391105	5	1.375406	12	1.387181	11	1.379332	1	1.387181	3
1.393067	5	1.377369	6	1.389143	6	1.381294	3	1.389143	2
1.395029	4	1.379332	13	1.391105	4	1.383257	5	1.391105	0
1.396991	13	1.381294	8	1.393067	10	1.385219	2	1.393067	3
1.398953	3	1.383257	7	1.395029	10	1.387181	1	1.395029	3
1.400914	6	1.385219	7	1.396991	10	1.389143	3	1.396991	1
1.402876	6	1.387181	10	1.398953	9	1.391105	7	1.398953	4
1.404837	12	1.389143	8	1.400914	5	1.393067	3	1.400914	1
1.406798	5	1.391105	9	1.402876	10	1.395029	5	1.402876	2
1.40876	5	1.393067	7	1.404837	7	1.396991	1	1.404837	6
1.410721	6	1.395029	9	1.406798	9	1.398953	2	1.406798	2
1.412682	3	1.396991	5	1.40876	14	1.400914	0	1.40876	0
1.414642	6	1.398953	4	1.410721	11	1.402876	2	1.410721	0
1.416603	12	1.400914	7	1.412682	13	1.404837	4	1.412682	4
1.418564	2	1.402876	11	1.414642	7	1.406798	3	1.414642	4
1.420524	2	1.404837	10	1.416603	8	1.40876	3	1.416603	2
1.422485	11	1.406798	9	1.418564	9	1.410721	3	1.418564	2
1.424445	5	1.40876	6	1.420524	10	1.412682	5	1.420524	2
1.426405	5	1.410721	8	1.422485	10	1.414642	3	1.422485	2
1.428366	4	1.412682	7	1.424445	6	1.416603	4	1.424445	4
1.430326	6	1.414642	9	1.426405	7	1.418564	1	1.426405	1
1.432286	10	1.416603	9	1.428366	5	1.420524	2	1.428366	2
1.434245	5	1.418564	8	1.430326	11	1.422485	4	1.430326	1
1.436205	6	1.420524	6	1.432286	11	1.424445	3	1.432286	2
1.438165	7	1.422485	9	1.434245	15	1.426405	2	1.434245	3
1.440124	5	1.424445	7	1.436205	9	1.428366	3	1.436205	1
1.442084	9	1.426405	7	1.438165	13	1.430326	5	1.438165	2
1.444043	5	1.428366	4	1.440124	18	1.432286	0	1.440124	2
1.446002	7	1.430326	6	1.442084	9	1.434245	1	1.442084	0
1.447961	6	1.432286	7	1.444043	13	1.436205	1	1.444043	1
1.44992	6	1.434245	8	1.446002	10	1.438165	2	1.446002	2
1.451879	4	1.436205	6	1.447961	5	1.440124	1	1.447961	1
1.453838	7	1.438165	7	1.44992	10	1.442084	3	1.44992	2
1.455796	6	1.440124	12	1.451879	6	1.444043	2	1.451879	5
1.457755	4	1.442084	6	1.453838	12	1.446002	2	1.453838	4
1.459713	3	1.444043	9	1.455796	6	1.447961	2	1.455796	2
1.461672	6	1.446002	9	1.457755	4	1.44992	3	1.457755	1
1.46363	8	1.447961	9	1.459713	8	1.451879	3	1.459713	0
1.465588	2	1.44992	6	1.461672	11	1.453838	5	1.461672	4
1.467546	5	1.451879	7	1.46363	7	1.455796	2	1.46363	2
1.469504	6	1.453838	13	1.465588	7	1.457755	3	1.465588	5
1.471462	5	1.455796	16	1.467546	6	1.459713	2	1.467546	1
1.473419	6	1.457755	9	1.469504	9	1.461672	1	1.469504	1
1.475377	6	1.459713	10	1.471462	5	1.46363	3	1.471462	3
1.477334	3	1.461672	11	1.473419	6	1.465588	0	1.473419	1
1.479291	7	1.46363	12	1.475377	18	1.467546	3	1.475377	1
1.481249	7	1.465588	7	1.477334	13	1.469504	5	1.477334	1
1.483206	7	1.467546	7	1.479291	11	1.471462	1	1.479291	5
1.485163	8	1.469504	2	1.481249	11	1.473419	2	1.481249	2
1.48712	4	1.471462	10	1.483206	8	1.475377	5	1.483206	2
1.489076	4	1.473419	5	1.485163	5	1.477334	4	1.485163	2
1.491033	5	1.475377	14	1.48712	7	1.479291	3	1.48712	2
1.492989	9	1.477334	5	1.489076	6	1.481249	1	1.489076	1
1.494946	9	1.479291	12	1.491033	9	1.483206	4	1.491033	3
1.496902	5	1.481249	15	1.492989	9	1.485163	2	1.492989	1
1.498858	5	1.483206	2	1.494946	4	1.48712	1	1.494946	3
1.500814	6	1.485163	7	1.496902	9	1.489076	2	1.496902	0
1.50277	6	1.48712	9	1.498858	8	1.491033	4	1.498858	4